surah_no,verse_no,pos_in_clean,original_idx,uthmani_char,vocab_char,start_s,end_s,fire_end_s,duration_s,fire_duration_s,ctc_score,is_emphatic,has_shadda,has_small_alif_after,has_madd_sign_after,has_sukun,following_vowel
31,-1,0,0,أ,أ,0.08,0.12,0.1,0.039999999999999994,0.020000000000000004,-15.850602,False,False,False,False,False,fatha
31,-1,1,1,َ,َ,0.12,0.14,0.14,0.020000000000000018,0.020000000000000018,-15.338539,False,False,False,False,False,damma
31,-1,2,2,ع,ع,0.14,0.26,0.16,0.12,0.01999999999999999,-18.302858,False,False,False,False,False,damma
31,-1,3,3,ُ,ُ,0.26,0.32,0.28,0.06,0.020000000000000018,-17.158213,False,False,False,False,False,damma
31,-1,4,4,و,و,0.32,0.42,0.34,0.09999999999999998,0.020000000000000018,-15.1441345,False,False,False,False,False,damma
31,-1,5,5,ذ,ذ,0.42,0.48,0.44,0.06,0.020000000000000018,-16.501965,False,False,False,False,False,damma
31,-1,6,6,ُ,ُ,0.48,0.54,0.5,0.06000000000000005,0.020000000000000018,-14.81202,False,False,False,False,False,kasra
31,-1,7,7, ,|,0.54,0.56,0.56,0.020000000000000018,0.020000000000000018,-2.145765e-06,False,False,False,False,False,kasra
31,-1,8,8,ب,ب,0.56,0.58,0.58,0.019999999999999907,0.019999999999999907,-16.517855,False,False,False,False,False,kasra
31,-1,9,9,ِ,ِ,0.58,0.6,0.6,0.020000000000000018,0.020000000000000018,-15.793741,False,False,False,False,False,none
31,-1,10,10,ا,ا,0.6,0.64,0.64,0.040000000000000036,0.040000000000000036,-0.005445467,False,False,False,False,False,none
31,-1,11,11,ل,ل,0.64,0.84,0.68,0.19999999999999996,0.040000000000000036,-0.0048270742,False,True,False,False,False,fatha
31,-1,12,12,ل,ل,0.84,0.88,0.86,0.040000000000000036,0.020000000000000018,-0.012455415,False,True,False,False,False,fatha
31,-1,13,13,ّ,ّ,0.88,0.9,0.9,0.020000000000000018,0.020000000000000018,-0.24304031,False,False,False,False,False,fatha
31,-1,14,14,َ,َ,0.9,1.2,0.9400000000000001,0.29999999999999993,0.040000000000000036,-0.33210725,False,False,False,False,False,kasra
31,-1,15,15,ه,ه,1.2,1.24,1.22,0.040000000000000036,0.020000000000000018,-0.0029898249,False,False,False,False,False,kasra
31,-1,16,16,ِ,ِ,1.24,1.26,1.26,0.020000000000000018,0.020000000000000018,-5.107638,False,False,False,False,False,kasra
31,-1,17,17, ,|,1.26,1.28,1.28,0.020000000000000018,0.020000000000000018,-14.711277,False,False,False,False,False,kasra
31,-1,18,18,م,م,1.28,1.3,1.3,0.020000000000000018,0.020000000000000018,-11.559338,False,False,False,False,False,kasra
31,-1,19,19,ِ,ِ,1.3,1.32,1.32,0.020000000000000018,0.020000000000000018,-6.571919,False,False,False,False,False,fatha
31,-1,20,20,ن,ن,1.32,1.3800000000000001,1.34,0.06000000000000005,0.020000000000000018,-12.817088,False,False,False,False,False,fatha
31,-1,21,21,َ,َ,1.3800000000000001,1.4000000000000001,1.4000000000000001,0.020000000000000018,0.020000000000000018,-16.202734,False,False,False,False,False,none
31,-1,22,22, ,|,1.4000000000000001,1.46,1.44,0.05999999999999983,0.039999999999999813,-0.042678095,False,False,False,False,False,none
31,-1,23,23,ا,ا,1.46,1.54,1.48,0.08000000000000007,0.020000000000000018,-5.321576,False,False,False,False,False,none
31,-1,24,24,ل,ل,1.54,1.6600000000000001,1.56,0.1200000000000001,0.020000000000000018,-2.3009484,False,True,False,False,False,fatha
31,-1,25,25,ش,ش,1.6600000000000001,1.72,1.68,0.05999999999999983,0.019999999999999796,-14.106062,False,True,False,False,False,fatha
31,-1,26,26,ّ,ّ,1.72,1.74,1.74,0.020000000000000018,0.020000000000000018,-0.199033,False,False,False,False,False,fatha
31,-1,27,27,َ,َ,1.74,1.86,1.78,0.1200000000000001,0.040000000000000036,-0.42104888,False,False,False,False,True,sukun
31,-1,28,28,ي,ي,1.86,1.92,1.8800000000000001,0.05999999999999983,0.020000000000000018,-13.268811,False,False,False,False,True,sukun
31,-1,29,29,ْ,ْ,1.92,2.06,1.94,0.14000000000000012,0.020000000000000018,-2.3856537,False,False,False,False,False,fatha
31,-1,30,30,ط,ط,2.06,2.14,2.08,0.08000000000000007,0.020000000000000018,-17.574242,True,False,False,False,False,fatha
31,-1,31,31,َ,َ,2.14,2.2,2.16,0.06000000000000005,0.020000000000000018,-1.7274599,False,False,False,False,False,kasra
31,-1,32,32,ا,ا,2.2,2.46,2.22,0.2599999999999998,0.020000000000000018,-8.165176,False,False,False,False,False,kasra
31,-1,33,33,ن,ن,2.46,2.52,2.48,0.06000000000000005,0.020000000000000018,-0.0480228,False,False,False,False,False,kasra
31,-1,34,34,ِ,ِ,2.52,2.7,2.54,0.18000000000000016,0.020000000000000018,-5.3117714,False,False,False,False,False,none
31,-1,35,35, ,|,2.7,2.72,2.72,0.020000000000000018,0.020000000000000018,-2.1065273,False,False,False,False,False,none
31,-1,36,36,ا,ا,2.72,2.74,2.74,0.020000000000000018,0.020000000000000018,-10.656969,False,False,False,False,False,none
31,-1,37,37,ل,ل,2.74,2.9,2.7600000000000002,0.1599999999999997,0.020000000000000018,-7.450449,False,True,False,False,False,fatha
31,-1,38,38,ر,ر,2.9,2.94,2.92,0.040000000000000036,0.020000000000000018,-0.00029011333,False,True,False,False,False,fatha
31,-1,39,39,ّ,ّ,2.94,2.96,2.96,0.020000000000000018,0.020000000000000018,-5.500397,False,False,False,False,False,fatha
31,-1,40,40,َ,َ,2.96,3.16,3.0,0.20000000000000018,0.040000000000000036,-0.28480363,False,False,False,False,False,kasra
31,-1,41,41,ج,ج,3.16,3.22,3.18,0.06000000000000005,0.020000000000000018,-11.355415,False,False,False,False,False,kasra
31,-1,42,42,ِ,ِ,3.22,3.34,3.24,0.11999999999999966,0.020000000000000018,-0.7999164,False,False,False,False,False,kasra
31,-1,43,43,ي,ي,3.34,3.8000000000000003,3.36,0.4600000000000004,0.020000000000000018,-0.0057443776,False,False,False,False,False,kasra
31,-1,44,44,م,م,3.8000000000000003,4.98,3.8200000000000003,1.1800000000000002,0.020000000000000018,-0.0025028829,False,False,False,False,False,kasra
31,-1,45,45,ِ,ِ,4.98,6.601375,5.0,1.6213749999999996,0.019999999999999574,-2.8117747,False,False,False,False,False,none
31,1,0,0,ب,ب,6.401375,6.421374999999999,6.421374999999999,0.019999999999999574,0.019999999999999574,-9.257472,False,False,False,False,False,kasra
31,1,1,1,ِ,ِ,6.421374999999999,6.441375,6.441375,0.020000000000000462,0.020000000000000462,-10.52973,False,False,False,False,True,sukun
31,1,2,2,س,س,6.441375,6.461374999999999,6.461374999999999,0.019999999999999574,0.019999999999999574,-11.046203,False,False,False,False,True,sukun
31,1,3,3,ْ,ْ,6.461374999999999,6.481375,6.481375,0.020000000000000462,0.020000000000000462,-13.422178,False,False,False,False,False,kasra
31,1,4,4,م,م,6.481375,6.521375,6.5013749999999995,0.040000000000000036,0.019999999999999574,-6.892708,False,False,False,False,False,kasra
31,1,5,5,ِ,ِ,6.521375,7.281375,6.5413749999999995,0.7599999999999998,0.019999999999999574,-12.840856,False,False,False,False,False,none
31,1,6,6, ,|,7.281375,7.301375,7.301375,0.020000000000000462,0.020000000000000462,-7.839228,False,False,False,False,False,none
31,1,7,7,ٱ,ا,7.301375,7.321375,7.321375,0.019999999999999574,0.019999999999999574,-8.290192,False,False,False,False,False,none
31,1,8,8,ل,ل,7.321375,7.441375,7.341375,0.1200000000000001,0.020000000000000462,-10.64067,False,True,False,False,False,fatha
31,1,9,9,ل,ل,7.441375,7.461375,7.461375,0.020000000000000462,0.020000000000000462,-10.544499,False,True,False,False,False,fatha
31,1,10,10,ّ,ّ,7.461375,7.5013749999999995,7.481375,0.03999999999999915,0.019999999999999574,-12.528219,False,False,False,False,False,fatha
31,1,11,11,َ,َ,7.5013749999999995,7.521375,7.521375,0.020000000000000462,0.020000000000000462,-9.780881,False,False,False,False,False,kasra
31,1,12,12,ه,ه,7.521375,7.541375,7.541375,0.020000000000000462,0.020000000000000462,-11.547348,False,False,False,False,False,kasra
31,1,13,13,ِ,ِ,7.541375,7.561375,7.561375,0.019999999999999574,0.019999999999999574,-14.216988,False,False,False,False,False,none
31,1,14,14, ,|,7.561375,7.601375,7.5813749999999995,0.040000000000000036,0.019999999999999574,-5.8291936,False,False,False,False,False,none
31,1,15,15,ٱ,ا,7.601375,7.641375,7.621375,0.040000000000000036,0.019999999999999574,-9.977796,False,False,False,False,False,none
31,1,16,16,ل,ل,7.641375,7.661375,7.661375,0.019999999999999574,0.019999999999999574,-9.3531275,False,True,False,False,False,fatha
31,1,17,17,ر,ر,7.661375,7.681375,7.681375,0.020000000000000462,0.020000000000000462,-8.512449,False,True,False,False,False,fatha
31,1,18,18,ّ,ّ,7.681375,7.701375,7.701375,0.019999999999999574,0.019999999999999574,-11.773256,False,False,False,False,False,fatha
31,1,19,19,َ,َ,7.701375,7.721375,7.721375,0.020000000000000462,0.020000000000000462,-8.486311,False,False,False,False,True,sukun
31,1,20,20,ح,ح,7.721375,7.741375,7.741375,0.019999999999999574,0.019999999999999574,-11.9768305,False,False,False,False,True,sukun
31,1,21,21,ْ,ْ,7.741375,7.781375,7.761375,0.040000000000000036,0.020000000000000462,-12.55179,False,False,True,False,False,fatha
31,1,22,22,م,م,7.781375,7.801375,7.801375,0.020000000000000462,0.020000000000000462,-7.572716,False,False,True,False,False,fatha
31,1,23,23,َ,َ,7.801375,7.841374999999999,7.821375,0.03999999999999915,0.019999999999999574,-8.6549225,False,False,True,False,False,none
31,1,24,25,ٰ,ا,7.841374999999999,7.861375,7.861375,0.020000000000000462,0.020000000000000462,-10.408726,False,False,False,False,False,kasra
31,1,25,26,ن,ن,7.861375,7.881375,7.881375,0.020000000000000462,0.020000000000000462,-4.9607897,False,False,False,False,False,kasra
31,1,26,27,ِ,ِ,7.881375,7.901375,7.901375,0.019999999999999574,0.019999999999999574,-12.226969,False,False,False,False,False,none
31,1,27,28, ,|,7.901375,7.921374999999999,7.921374999999999,0.019999999999999574,0.019999999999999574,-7.861527,False,False,False,False,False,none
31,1,28,29,ٱ,ا,7.921374999999999,7.941375,7.941375,0.020000000000000462,0.020000000000000462,-8.794615,False,False,False,False,False,none
31,1,29,30,ل,ل,7.941375,7.961375,7.961375,0.020000000000000462,0.020000000000000462,-6.721296,False,True,False,False,False,fatha
31,1,30,31,ر,ر,7.961375,7.981375,7.981375,0.019999999999999574,0.019999999999999574,-7.485728,False,True,False,False,False,fatha
31,1,31,32,ّ,ّ,7.981375,8.001375,8.001375,0.019999999999999574,0.019999999999999574,-11.263641,False,False,False,False,False,fatha
31,1,32,33,َ,َ,8.001375,8.821375,8.021374999999999,0.8200000000000003,0.019999999999999574,-11.962916,False,False,False,False,False,kasra
31,1,33,34,ح,ح,8.821375,8.921375,8.841375,0.09999999999999964,0.019999999999999574,-14.332581,False,False,False,False,False,kasra
31,1,34,35,ِ,ِ,8.921375,10.941375,8.941375,2.0200000000000014,0.02000000000000135,-4.3298416,False,False,False,False,False,kasra
31,1,35,36,ي,ي,11.021374999999999,11.341375,11.041374999999999,0.3200000000000003,0.019999999999999574,-6.175283,False,False,False,False,False,kasra
31,1,36,37,م,م,11.341375,11.381375,11.361374999999999,0.040000000000000924,0.019999999999999574,-2.8502927,False,False,False,False,False,kasra
31,1,37,38,ِ,ِ,11.381375,12.081375,11.401375,0.6999999999999993,0.019999999999999574,-7.5747128,False,False,False,True,False,none
31,1,38,39, ,|,12.081375,12.221375,12.121375,0.14000000000000057,0.040000000000000924,-0.10920932,False,False,False,True,False,none
31,1,39,40,ا,ا,12.221375,12.421375000000001,12.241375,0.20000000000000107,0.019999999999999574,-6.632302,False,False,False,True,False,none
31,1,40,41,ل,ل,12.421375000000001,12.601375,12.441375,0.17999999999999972,0.019999999999999574,-5.2093103e-05,False,False,False,True,False,none
31,1,41,42,ٓ,ا,12.601375,12.681375,12.621375,0.0799999999999983,0.019999999999999574,-14.174273,False,False,False,True,False,none
31,1,42,43,م,م,12.681375,12.721375,12.701374999999999,0.040000000000000924,0.019999999999999574,-12.449285,False,False,False,True,False,none
31,1,43,44,ٓ,ا,12.721375,12.763,12.741375,0.0416249999999998,0.019999999999999574,-13.364121,False,False,False,False,False,none
31,2,0,0,ت,ت,12.563,12.583,12.583,0.019999999999999574,0.019999999999999574,-12.705747,False,False,False,False,False,kasra
31,2,1,1,ِ,ِ,12.583,12.623000000000001,12.603,0.040000000000000924,0.019999999999999574,-15.509807,False,False,False,False,True,sukun
31,2,2,2,ل,ل,12.623000000000001,12.643,12.643,0.019999999999999574,0.019999999999999574,-7.252564,False,False,False,False,True,sukun
31,2,3,3,ْ,ْ,12.643,12.663,12.663,0.019999999999999574,0.019999999999999574,-14.649438,False,False,False,False,False,fatha
31,2,4,4,ك,ك,12.663,12.683,12.683,0.019999999999999574,0.019999999999999574,-15.936106,False,False,False,False,False,fatha
31,2,5,5,َ,َ,12.683,12.763,12.703000000000001,0.08000000000000007,0.02000000000000135,-0.0026427128,False,False,False,False,False,fatha
31,2,6,6, ,|,12.763,12.783000000000001,12.783000000000001,0.02000000000000135,0.02000000000000135,-3.1457944,False,False,False,False,False,fatha
31,2,7,7,ء,ء,12.783000000000001,12.803,12.803,0.019999999999999574,0.019999999999999574,-14.854305,False,False,False,False,False,fatha
31,2,8,8,َ,َ,12.803,12.843,12.823,0.03999999999999915,0.019999999999999574,-14.492723,False,False,False,False,False,fatha
31,2,9,9,ا,ا,12.843,13.243,12.863000000000001,0.40000000000000036,0.02000000000000135,-13.344848,False,False,True,False,False,fatha
31,2,10,10,ي,ي,13.243,13.323,13.263,0.08000000000000007,0.019999999999999574,-1.28745205e-05,False,False,True,False,False,fatha
31,2,11,11,َ,َ,13.323,13.383000000000001,13.343,0.0600000000000005,0.019999999999999574,-4.041183,False,False,True,False,False,none
31,2,12,13,ٰ,ا,13.383000000000001,13.663,13.403,0.27999999999999936,0.019999999999999574,-0.03156792,False,False,False,False,False,damma
31,2,13,14,ت,ت,13.663,13.743,13.683,0.08000000000000007,0.019999999999999574,-0.37392205,False,False,False,False,False,damma
31,2,14,15,ُ,ُ,13.743,13.823,13.783000000000001,0.08000000000000007,0.040000000000000924,-0.26369002,False,False,False,False,False,none
31,2,15,16, ,|,13.823,13.883000000000001,13.863000000000001,0.0600000000000005,0.040000000000000924,-0.003404229,False,False,False,False,False,sukun
31,2,16,17,ٱ,ا,13.883000000000001,13.943000000000001,13.903,0.0600000000000005,0.019999999999999574,-2.8487382,False,False,False,False,True,sukun
31,2,17,18,ل,ل,13.943000000000001,14.003,13.963000000000001,0.05999999999999872,0.019999999999999574,-0.00027497803,False,False,False,False,True,sukun
31,2,18,19,ْ,ْ,14.003,14.123000000000001,14.023,0.120000000000001,0.019999999999999574,-4.0642204,False,False,False,False,False,kasra
31,2,19,20,ك,ك,14.123000000000001,14.183,14.143,0.05999999999999872,0.019999999999999574,-2.467602e-05,False,False,False,False,False,kasra
31,2,20,21,ِ,ِ,14.183,14.363000000000001,14.203000000000001,0.1800000000000015,0.02000000000000135,-0.00043978557,False,False,True,False,False,fatha
31,2,21,22,ت,ت,14.363000000000001,14.443000000000001,14.383000000000001,0.08000000000000007,0.019999999999999574,-8.7972585e-05,False,False,True,False,False,fatha
31,2,22,23,َ,َ,14.443000000000001,14.503,14.463000000000001,0.05999999999999872,0.019999999999999574,-7.255237,False,False,True,False,False,none
31,2,23,25,ٰ,ا,14.503,14.783000000000001,14.523,0.28000000000000114,0.019999999999999574,-0.022332719,False,False,False,False,False,kasra
31,2,24,26,ب,ب,14.783000000000001,14.843,14.803,0.05999999999999872,0.019999999999999574,-8.7019e-05,False,False,False,False,False,kasra
31,2,25,27,ِ,ِ,14.843,14.883000000000001,14.883000000000001,0.040000000000000924,0.040000000000000924,-0.016623735,False,False,False,False,False,none
31,2,26,28, ,|,14.883000000000001,14.943000000000001,14.943000000000001,0.0600000000000005,0.0600000000000005,-0.17045255,False,False,False,False,False,sukun
31,2,27,29,ٱ,ا,14.943000000000001,15.043000000000001,14.963000000000001,0.09999999999999964,0.019999999999999574,-4.950524,False,False,False,False,True,sukun
31,2,28,30,ل,ل,15.043000000000001,15.103000000000002,15.083,0.0600000000000005,0.03999999999999915,-0.037895262,False,False,False,False,True,sukun
31,2,29,31,ْ,ْ,15.103000000000002,15.203000000000001,15.123000000000001,0.09999999999999964,0.019999999999999574,-8.558792,False,False,False,False,False,fatha
31,2,30,32,ح,ح,15.203000000000001,15.263000000000002,15.223,0.0600000000000005,0.019999999999999574,-0.0005832401,False,False,False,False,False,fatha
31,2,31,33,َ,َ,15.263000000000002,15.463000000000001,15.283000000000001,0.1999999999999993,0.019999999999999574,-0.0014105618,False,False,False,False,False,kasra
31,2,32,34,ك,ك,15.463000000000001,15.523,15.503,0.05999999999999872,0.03999999999999915,-0.44224468,False,False,False,False,False,kasra
31,2,33,35,ِ,ِ,15.523,15.623000000000001,15.543000000000001,0.10000000000000142,0.02000000000000135,-6.3730354,False,False,False,False,False,kasra
31,2,34,36,ي,ي,15.623000000000001,17.643,15.643,2.0199999999999996,0.019999999999999574,-4.402903,False,False,False,False,False,kasra
31,2,35,37,م,م,17.803,18.003,17.823,0.1999999999999993,0.019999999999999574,-6.463572,False,False,False,False,False,kasra
31,2,36,38,ِ,ِ,18.003,18.039687500000003,18.023,0.03668750000000287,0.019999999999999574,-6.514829,False,False,False,False,False,none
31,3,0,0,ه,ه,17.8396875,17.8596875,17.8596875,0.019999999999999574,0.019999999999999574,-8.280444,False,False,False,False,False,damma
31,3,1,1,ُ,ُ,17.8596875,17.8796875,17.8796875,0.019999999999999574,0.019999999999999574,-14.18645,False,False,False,False,False,tanween
31,3,2,2,د,د,17.8796875,17.8996875,17.8996875,0.019999999999999574,0.019999999999999574,-15.870021,False,False,False,False,False,tanween
31,3,3,3,ً,ً,17.8996875,17.9196875,17.9196875,0.019999999999999574,0.019999999999999574,-20.67591,False,False,False,False,False,none
31,3,4,5,ى,ى,17.9196875,17.9396875,17.9396875,0.020000000000003126,0.020000000000003126,-16.918484,False,False,False,False,False,fatha
31,3,5,6, ,|,17.9396875,17.9596875,17.9596875,0.019999999999999574,0.019999999999999574,-10.410187,False,False,False,False,False,fatha
31,3,6,7,و,و,17.9596875,17.9796875,17.9796875,0.019999999999999574,0.019999999999999574,-18.865234,False,False,False,False,False,fatha
31,3,7,8,َ,َ,17.9796875,17.9996875,17.9996875,0.019999999999999574,0.019999999999999574,-16.187634,False,False,False,False,False,fatha
31,3,8,9,ر,ر,17.9996875,18.0596875,18.0196875,0.05999999999999872,0.019999999999999574,-1.7881233e-05,False,False,False,False,False,fatha
31,3,9,10,َ,َ,18.0596875,18.1996875,18.0796875,0.14000000000000057,0.019999999999999574,-1.239769e-05,False,False,False,False,True,sukun
31,3,10,11,ح,ح,18.1996875,18.2396875,18.2196875,0.03999999999999915,0.019999999999999574,-0.010273078,False,False,False,False,True,sukun
31,3,11,12,ْ,ْ,18.2396875,18.3796875,18.259687500000002,0.14000000000000057,0.020000000000003126,-2.1960735,False,False,False,False,False,fatha
31,3,12,13,م,م,18.3796875,18.4596875,18.4196875,0.08000000000000185,0.03999999999999915,-5.322446e-05,False,False,False,False,False,fatha
31,3,13,14,َ,َ,18.4596875,18.6396875,18.4996875,0.17999999999999972,0.03999999999999915,-0.0003863621,False,False,False,False,False,tanween
31,3,14,15,ة,ة,18.6396875,18.6996875,18.6596875,0.05999999999999872,0.019999999999999574,-7.2717403e-06,False,False,False,False,False,tanween
31,3,15,16,ً,ً,18.6996875,18.8796875,18.7396875,0.17999999999999972,0.03999999999999915,-0.00411622,False,False,False,False,False,none
31,3,16,18, ,|,18.8796875,19.0596875,18.9396875,0.17999999999999972,0.060000000000002274,-0.06741873,False,True,False,False,False,kasra
31,3,17,19,ل,ل,19.0596875,19.0996875,19.0796875,0.0400000000000027,0.019999999999999574,-5.1259863e-06,False,True,False,False,False,kasra
31,3,18,20,ّ,ّ,19.0996875,19.1396875,19.1196875,0.03999999999999915,0.019999999999999574,-7.5044737,False,False,False,False,False,kasra
31,3,19,21,ِ,ِ,19.1396875,19.2996875,19.1596875,0.16000000000000014,0.019999999999999574,-1.2159274e-05,False,False,False,False,True,sukun
31,3,20,22,ل,ل,19.2996875,19.3796875,19.3396875,0.0799999999999983,0.03999999999999915,-0.0044218516,False,False,False,False,True,sukun
31,3,21,23,ْ,ْ,19.3796875,19.4596875,19.3996875,0.08000000000000185,0.019999999999999574,-10.812521,False,False,False,False,False,damma
31,3,22,24,م,م,19.4596875,19.5196875,19.4796875,0.05999999999999872,0.019999999999999574,-8.106199e-06,False,False,False,False,False,damma
31,3,23,25,ُ,ُ,19.5196875,19.6596875,19.5396875,0.14000000000000057,0.019999999999999574,-1.1682442e-05,False,False,False,False,True,sukun
31,3,24,26,ح,ح,19.6596875,19.7196875,19.6796875,0.05999999999999872,0.019999999999999574,-0.0031083147,False,False,False,False,True,sukun
31,3,25,27,ْ,ْ,19.7196875,19.8196875,19.7396875,0.10000000000000142,0.019999999999999574,-3.458396,False,False,False,False,False,kasra
31,3,26,28,س,س,19.8196875,19.8796875,19.8396875,0.05999999999999872,0.019999999999999574,-10.199263,False,False,False,False,False,kasra
31,3,27,29,ِ,ِ,19.8796875,20.0996875,19.9396875,0.22000000000000242,0.060000000000002274,-0.23421277,False,False,False,False,False,kasra
31,3,28,30,ن,ن,20.0996875,22.1196875,20.1196875,2.0199999999999996,0.019999999999999574,-0.00018583001,False,False,False,False,False,kasra
31,3,29,31,ِ,ِ,22.1596875,22.239687500000002,22.1996875,0.08000000000000185,0.03999999999999915,-0.01491678,False,False,False,False,False,fatha
31,3,30,32,ي,ي,22.239687500000002,22.4996875,22.2796875,0.259999999999998,0.03999999999999915,-0.04830278,False,False,False,False,False,fatha
31,3,31,33,ن,ن,22.4996875,22.5596875,22.5196875,0.05999999999999872,0.019999999999999574,-0.00016044283,False,False,False,False,False,fatha
31,3,32,34,َ,َ,22.5596875,23.116937500000002,22.5996875,0.5572500000000034,0.0400000000000027,-0.008427254,False,False,False,False,False,none
31,4,0,0,ٱ,ا,22.9169375,22.9369375,22.9369375,0.019999999999999574,0.019999999999999574,-12.751081,False,True,False,False,False,fatha
31,4,1,1,ل,ل,22.9369375,22.9569375,22.9569375,0.019999999999999574,0.019999999999999574,-12.010829,False,True,False,False,False,fatha
31,4,2,2,ّ,ّ,22.9569375,22.9769375,22.9769375,0.019999999999999574,0.019999999999999574,-17.593761,False,False,False,False,False,fatha
31,4,3,3,َ,َ,22.9769375,23.0169375,22.996937499999998,0.0400000000000027,0.019999999999999574,-12.300366,False,False,False,False,False,kasra
31,4,4,4,ذ,ذ,23.0169375,23.0369375,23.0369375,0.019999999999999574,0.019999999999999574,-17.617239,False,False,False,False,False,kasra
31,4,5,5,ِ,ِ,23.0369375,23.0569375,23.0569375,0.019999999999999574,0.019999999999999574,-0.23860782,False,False,False,False,False,fatha
31,4,6,6,ي,ي,23.0569375,23.0769375,23.0769375,0.019999999999999574,0.019999999999999574,-13.710174,False,False,False,False,False,fatha
31,4,7,7,ن,ن,23.0769375,23.0969375,23.0969375,0.019999999999999574,0.019999999999999574,-16.58426,False,False,False,False,False,fatha
31,4,8,8,َ,َ,23.0969375,23.1169375,23.1169375,0.019999999999999574,0.019999999999999574,-17.166018,False,False,False,False,False,damma
31,4,9,9, ,|,23.1169375,23.156937499999998,23.1369375,0.03999999999999915,0.019999999999999574,-16.655273,False,False,False,False,False,damma
31,4,10,10,ي,ي,23.156937499999998,23.1769375,23.1769375,0.020000000000003126,0.020000000000003126,-0.17726898,False,False,False,False,False,damma
31,4,11,11,ُ,ُ,23.1769375,23.1969375,23.1969375,0.019999999999999574,0.019999999999999574,-17.06621,False,False,False,False,False,kasra
31,4,12,12,ق,ق,23.1969375,23.2169375,23.2169375,0.019999999999999574,0.019999999999999574,-21.835941,True,False,False,False,False,kasra
31,4,13,13,ِ,ِ,23.2169375,23.3569375,23.2369375,0.14000000000000057,0.019999999999999574,-15.350099,False,False,False,False,False,damma
31,4,14,14,ي,ي,23.3569375,23.3769375,23.3769375,0.019999999999999574,0.019999999999999574,-12.934488,False,False,False,False,False,damma
31,4,15,15,م,م,23.3769375,23.4569375,23.3969375,0.0799999999999983,0.019999999999999574,-0.0006890307,False,False,False,False,False,damma
31,4,16,16,ُ,ُ,23.4569375,23.5569375,23.4769375,0.10000000000000142,0.019999999999999574,-0.5035389,False,False,False,False,False,fatha
31,4,17,17,و,و,23.5569375,23.7569375,23.5769375,0.1999999999999993,0.019999999999999574,-0.00976795,False,False,False,False,False,fatha
31,4,18,18,ن,ن,23.7569375,23.816937499999998,23.7769375,0.05999999999999872,0.019999999999999574,-0.00019977482,False,False,False,False,False,fatha
31,4,19,19,َ,َ,23.816937499999998,23.8769375,23.8369375,0.060000000000002274,0.020000000000003126,-0.0019597865,False,False,False,False,False,none
31,4,20,20, ,|,23.8769375,23.9369375,23.9169375,0.05999999999999872,0.03999999999999915,-0.0001523344,False,False,False,False,False,none
31,4,21,21,ٱ,ا,23.9369375,23.9769375,23.9569375,0.03999999999999915,0.019999999999999574,-0.015075793,False,False,False,False,False,none
31,4,22,22,ل,ل,23.9769375,24.1969375,24.0169375,0.22000000000000242,0.0400000000000027,-0.00027044342,False,True,False,False,False,fatha
31,4,23,23,ص,ص,24.1969375,24.2369375,24.2169375,0.03999999999999915,0.019999999999999574,-1.5258673e-05,True,True,False,False,False,fatha
31,4,24,24,ّ,ّ,24.2369375,24.2969375,24.2769375,0.05999999999999872,0.03999999999999915,-0.10595565,False,False,False,False,False,fatha
31,4,25,25,َ,َ,24.2969375,24.4369375,24.316937499999998,0.14000000000000057,0.019999999999999574,-0.01521141,False,False,True,False,False,fatha
31,4,26,26,ل,ل,24.4369375,24.4969375,24.4569375,0.060000000000002274,0.019999999999999574,-6.5564896e-06,False,False,True,False,False,fatha
31,4,27,27,َ,َ,24.4969375,24.5369375,24.5169375,0.03999999999999915,0.019999999999999574,-7.7426224,False,False,True,False,False,none
31,4,28,28,و,و,24.5369375,24.5569375,24.5569375,0.019999999999999574,0.019999999999999574,-20.546877,False,False,True,False,False,fatha
31,4,29,29,ٰ,ا,24.5569375,24.836937499999998,24.5769375,0.2799999999999976,0.019999999999999574,-0.00055011874,False,False,False,False,False,fatha
31,4,30,30,ة,ة,24.836937499999998,24.8969375,24.8569375,0.060000000000002274,0.020000000000003126,-1.9907753e-05,False,False,False,False,False,fatha
31,4,31,31,َ,َ,24.8969375,24.9569375,24.9369375,0.05999999999999872,0.03999999999999915,-0.0057781027,False,False,False,False,False,fatha
31,4,32,32, ,|,24.9569375,25.0769375,25.0169375,0.120000000000001,0.060000000000002274,-0.010722919,False,False,False,False,False,fatha
31,4,33,33,و,و,25.0769375,25.1369375,25.0969375,0.05999999999999872,0.019999999999999574,-2.2887922e-05,False,False,False,False,False,fatha
31,4,34,34,َ,َ,25.1369375,25.2569375,25.156937499999998,0.120000000000001,0.019999999999999574,-0.006961378,False,False,False,False,False,damma
31,4,35,35,ي,ي,25.2569375,25.336937499999998,25.2769375,0.0799999999999983,0.019999999999999574,-2.1219028e-05,False,False,False,False,False,damma
31,4,36,36,ُ,ُ,25.336937499999998,25.4569375,25.3569375,0.120000000000001,0.020000000000003126,-0.002740796,False,False,False,False,True,sukun
31,4,37,37,ؤ,ؤ,25.4569375,25.5369375,25.4769375,0.08000000000000185,0.019999999999999574,-1.8485878,False,False,False,False,True,sukun
31,4,38,38,ْ,ْ,25.5369375,25.6969375,25.5569375,0.16000000000000014,0.019999999999999574,-0.028420083,False,False,False,False,False,damma
31,4,39,39,ت,ت,25.6969375,25.7569375,25.7169375,0.05999999999999872,0.019999999999999574,-0.0045781084,False,False,False,False,False,damma
31,4,40,40,ُ,ُ,25.7569375,25.8769375,25.7969375,0.120000000000001,0.03999999999999915,-0.058501236,False,False,False,False,False,fatha
31,4,41,41,و,و,25.8769375,26.0969375,25.8969375,0.21999999999999886,0.019999999999999574,-2.2768714e-05,False,False,False,False,False,fatha
31,4,42,42,ن,ن,26.0969375,26.1369375,26.1169375,0.03999999999999915,0.019999999999999574,-1.5973917e-05,False,False,False,False,False,fatha
31,4,43,43,َ,َ,26.1369375,26.1969375,26.1769375,0.060000000000002274,0.0400000000000027,-0.020193757,False,False,False,False,False,none
31,4,44,44, ,|,26.1969375,26.2569375,26.2569375,0.05999999999999872,0.05999999999999872,-5.797191e-05,False,False,False,False,False,none
31,4,45,45,ٱ,ا,26.2569375,26.316937499999998,26.2969375,0.05999999999999872,0.03999999999999915,-0.0052071055,False,False,False,False,False,none
31,4,46,46,ل,ل,26.316937499999998,26.4969375,26.3569375,0.18000000000000327,0.0400000000000027,-0.0013534181,False,True,False,False,False,fatha
31,4,47,47,ز,ز,26.4969375,26.5569375,26.5169375,0.05999999999999872,0.019999999999999574,-0.0031238827,False,True,False,False,False,fatha
31,4,48,48,ّ,ّ,26.5569375,26.5969375,26.5969375,0.03999999999999915,0.03999999999999915,-0.0006276444,False,False,False,False,False,fatha
31,4,49,49,َ,َ,26.5969375,26.7969375,26.6369375,0.1999999999999993,0.03999999999999915,-0.31871784,False,False,True,False,False,fatha
31,4,50,50,ك,ك,26.7969375,26.8569375,26.816937499999998,0.060000000000002274,0.019999999999999574,-1.4305013e-05,False,False,True,False,False,fatha
31,4,51,51,َ,َ,26.8569375,26.9169375,26.8769375,0.05999999999999872,0.019999999999999574,-8.64471,False,False,True,False,False,none
31,4,52,52,و,و,26.9169375,26.9369375,26.9369375,0.019999999999999574,0.019999999999999574,-20.28125,False,False,True,False,False,fatha
31,4,53,53,ٰ,ا,26.9369375,27.1969375,26.9569375,0.26000000000000156,0.019999999999999574,-5.149709e-05,False,False,False,False,False,fatha
31,4,54,54,ة,ة,27.1969375,27.2569375,27.2169375,0.05999999999999872,0.019999999999999574,-0.00010775939,False,False,False,False,False,fatha
31,4,55,55,َ,َ,27.2569375,27.3169375,27.2969375,0.060000000000002274,0.03999999999999915,-0.014474421,False,False,False,False,False,fatha
31,4,56,56, ,|,27.3169375,27.4169375,27.3769375,0.09999999999999787,0.05999999999999872,-0.0013332894,False,False,False,False,False,fatha
31,4,57,57,و,و,27.4169375,27.4769375,27.4369375,0.05999999999999872,0.019999999999999574,-3.3378547e-06,False,False,False,False,False,fatha
31,4,58,58,َ,َ,27.4769375,27.6169375,27.4969375,0.14000000000000057,0.020000000000003126,-0.0024433066,False,False,False,False,False,damma
31,4,59,59,ه,ه,27.6169375,27.6969375,27.6369375,0.08000000000000185,0.019999999999999574,-1.1444026e-05,False,False,False,False,False,damma
31,4,60,60,ُ,ُ,27.6969375,28.2169375,27.7169375,0.5199999999999996,0.019999999999999574,-0.0009603656,False,False,False,False,False,none
31,4,61,61,م,م,28.2169375,28.4369375,28.2369375,0.21999999999999886,0.019999999999999574,-0.048839845,False,False,False,False,False,kasra
31,4,62,62, ,|,28.4369375,28.5569375,28.4769375,0.120000000000001,0.03999999999999915,-0.00016943253,False,False,False,False,False,kasra
31,4,63,63,ب,ب,28.5569375,28.5969375,28.5769375,0.03999999999999915,0.019999999999999574,-3.492771e-05,False,False,False,False,False,kasra
31,4,64,64,ِ,ِ,28.5969375,28.7169375,28.6169375,0.120000000000001,0.019999999999999574,-0.033182643,False,False,False,False,False,sukun
31,4,65,65,ٱ,ا,28.7169375,28.8569375,28.7369375,0.14000000000000057,0.019999999999999574,-3.1306174,False,False,False,False,True,sukun
31,4,66,66,ل,ل,28.8569375,28.9169375,28.8769375,0.05999999999999872,0.019999999999999574,-1.239769e-05,False,False,False,False,True,sukun
31,4,67,67,ْ,ْ,28.9169375,28.9969375,28.9369375,0.08000000000000185,0.019999999999999574,-9.496169,False,False,False,False,False,fatha
31,4,68,70,َ,َ,28.9969375,29.1369375,29.0169375,0.13999999999999702,0.019999999999999574,-15.460485,False,False,False,False,False,kasra
31,4,69,71,ا,ا,29.1369375,29.4169375,29.156937499999998,0.28000000000000114,0.019999999999999574,-15.38086,False,False,False,False,False,kasra
31,4,70,72,خ,خ,29.4169375,29.4769375,29.4369375,0.05999999999999872,0.019999999999999574,-3.1828375e-05,False,False,False,False,False,kasra
31,4,71,73,ِ,ِ,29.4769375,29.6369375,29.4969375,0.16000000000000014,0.020000000000003126,-0.0067968126,False,False,False,False,False,fatha
31,4,72,74,ر,ر,29.6369375,29.6969375,29.656937499999998,0.060000000000002274,0.019999999999999574,-2.5748875e-05,False,False,False,False,False,fatha
31,4,73,75,َ,َ,29.6969375,29.8569375,29.7169375,0.16000000000000014,0.019999999999999574,-0.0054039117,False,False,False,False,False,kasra
31,4,74,76,ة,ة,29.8569375,29.9169375,29.8769375,0.05999999999999872,0.019999999999999574,-1.9311718e-05,False,False,False,False,False,kasra
31,4,75,77,ِ,ِ,29.9169375,29.9569375,29.9569375,0.03999999999999915,0.03999999999999915,-0.014303669,False,False,False,False,False,damma
31,4,76,78, ,|,29.9569375,30.0569375,30.0169375,0.10000000000000142,0.060000000000002274,-0.0034670122,False,False,False,False,False,damma
31,4,77,79,ه,ه,30.0569375,30.1369375,30.0969375,0.0799999999999983,0.03999999999999915,-0.0005686441,False,False,False,False,False,damma
31,4,78,80,ُ,ُ,30.1369375,30.2569375,30.156937499999998,0.120000000000001,0.019999999999999574,-0.00024875885,False,False,False,False,True,sukun
31,4,79,81,م,م,30.2569375,30.3169375,30.2769375,0.060000000000002274,0.019999999999999574,-1.001353e-05,False,False,False,False,True,sukun
31,4,80,82,ْ,ْ,30.3169375,30.3569375,30.336937499999998,0.03999999999999915,0.01999999999999602,-1.5879859,False,False,False,False,False,damma
31,4,81,83, ,|,30.3569375,30.4969375,30.4169375,0.14000000000000057,0.05999999999999872,-0.12986593,False,False,False,False,False,damma
31,4,82,84,ي,ي,30.4969375,30.5769375,30.5169375,0.0799999999999983,0.019999999999999574,-2.1815062e-05,False,False,False,False,False,damma
31,4,83,85,ُ,ُ,30.5769375,30.6769375,30.6169375,0.10000000000000142,0.03999999999999915,-0.15283413,False,False,False,False,False,kasra
31,4,84,86,و,و,30.6769375,30.9769375,30.7169375,0.29999999999999716,0.03999999999999915,-0.28132784,False,False,False,False,False,kasra
31,4,85,87,ق,ق,30.9769375,31.0569375,30.9969375,0.08000000000000185,0.020000000000003126,-5.083414,True,False,False,False,False,kasra
31,4,86,88,ِ,ِ,31.0569375,31.2369375,31.0769375,0.17999999999999972,0.019999999999999574,-0.6241839,False,False,False,False,False,damma
31,4,87,89,ن,ن,31.2369375,32.8769375,31.2569375,1.639999999999997,0.019999999999999574,-0.022023743,False,False,False,False,False,damma
31,4,88,90,ُ,ُ,32.8769375,32.8969375,32.8969375,0.020000000000003126,0.020000000000003126,-0.0038899719,False,False,False,False,False,fatha
31,4,89,91,و,و,32.8969375,34.8569375,32.9369375,1.9600000000000009,0.03999999999999915,-0.0016736286,False,False,False,False,False,fatha
31,4,90,92,ن,ن,34.8569375,34.9369375,34.8769375,0.0799999999999983,0.01999999999999602,-13.776416,False,False,False,False,False,fatha
31,4,91,93,َ,َ,34.9369375,35.70375,34.9569375,0.7668125000000003,0.020000000000003126,-0.0035394898,False,False,False,False,False,none
31,5,0,0,أ,أ,35.50375,35.52375,35.52375,0.020000000000003126,0.020000000000003126,-4.0403733,False,False,False,False,False,damma
31,5,1,1,ُ,ُ,35.52375,35.543749999999996,35.543749999999996,0.01999999999999602,0.01999999999999602,-7.521515,False,False,False,False,False,none
31,5,2,2,و,و,35.543749999999996,35.56375,35.56375,0.020000000000003126,0.020000000000003126,-7.5519056,False,False,False,False,False,fatha
31,5,3,4,ل,ل,35.56375,35.583749999999995,35.583749999999995,0.01999999999999602,0.01999999999999602,-8.730073,False,False,True,True,False,fatha
31,5,4,5,َ,َ,35.583749999999995,35.60375,35.60375,0.020000000000003126,0.020000000000003126,-1.0900311,False,False,True,True,False,none
31,5,5,7,ٰ,ا,35.60375,35.64375,35.623749999999994,0.03999999999999915,0.01999999999999602,-5.307036,False,False,False,True,False,kasra
31,5,6,8,ٓ,ا,35.64375,35.66374999999999,35.66374999999999,0.01999999999999602,0.01999999999999602,-7.3520446,False,False,False,False,False,kasra
31,5,7,9,ئ,ئ,35.66374999999999,35.683749999999996,35.683749999999996,0.020000000000003126,0.020000000000003126,-15.964803,False,False,False,False,False,kasra
31,5,8,10,ِ,ِ,35.683749999999996,35.70375,35.70375,0.020000000000003126,0.020000000000003126,-14.386812,False,False,False,False,False,fatha
31,5,9,11,ك,ك,35.70375,35.803749999999994,35.723749999999995,0.09999999999999432,0.01999999999999602,-10.828035,False,False,False,False,False,fatha
31,5,10,12,َ,َ,35.803749999999994,35.863749999999996,35.82375,0.060000000000002274,0.020000000000003126,-8.85503,False,False,False,False,False,fatha
31,5,11,13, ,|,35.863749999999996,35.943749999999994,35.88375,0.0799999999999983,0.020000000000003126,-10.478553,False,False,False,False,False,fatha
31,5,12,14,ع,ع,35.943749999999994,35.98374999999999,35.96375,0.03999999999999915,0.020000000000003126,-15.340924,False,False,False,False,False,fatha
31,5,13,15,َ,َ,35.98374999999999,36.00375,36.00375,0.020000000000003126,0.020000000000003126,-10.477655,False,False,True,False,False,fatha
31,5,14,16,ل,ل,36.00375,36.02375,36.02375,0.020000000000003126,0.020000000000003126,-13.732525,False,False,True,False,False,fatha
31,5,15,17,َ,َ,36.02375,36.043749999999996,36.043749999999996,0.01999999999999602,0.01999999999999602,-2.1325655,False,False,True,False,False,none
31,5,16,18,ى,ى,36.043749999999996,36.06375,36.06375,0.020000000000003126,0.020000000000003126,-3.2997475,False,False,True,False,False,none
31,5,17,19,ٰ,ا,36.06375,36.083749999999995,36.083749999999995,0.01999999999999602,0.01999999999999602,-6.6675463,False,False,False,False,False,damma
31,5,18,20, ,|,36.083749999999995,36.10375,36.10375,0.020000000000003126,0.020000000000003126,-11.29997,False,False,False,False,False,damma
31,5,19,21,ه,ه,36.10375,36.16374999999999,36.123749999999994,0.05999999999999517,0.01999999999999602,-12.71571,False,False,False,False,False,damma
31,5,20,22,ُ,ُ,36.16374999999999,36.183749999999996,36.183749999999996,0.020000000000003126,0.020000000000003126,-14.824728,False,False,False,False,False,tanween
31,5,21,23,د,د,36.183749999999996,36.20375,36.20375,0.020000000000003126,0.020000000000003126,-13.98677,False,False,False,False,False,tanween
31,5,22,24,ً,ً,36.20375,36.28375,36.223749999999995,0.0799999999999983,0.01999999999999602,-12.00445,False,False,False,False,False,none
31,5,23,26,ى,ى,36.28375,36.683749999999996,36.303749999999994,0.3999999999999986,0.01999999999999602,-6.3258915,False,False,False,False,False,none
31,5,24,27, ,|,36.683749999999996,36.78375,36.70375,0.10000000000000142,0.020000000000003126,-0.12883113,False,True,False,False,False,kasra
31,5,25,28,م,م,36.78375,36.82375,36.803749999999994,0.03999999999999915,0.01999999999999602,-9.667406e-05,False,True,False,False,False,kasra
31,5,26,29,ّ,ّ,36.82375,36.84375,36.84375,0.020000000000003126,0.020000000000003126,-4.0116067,False,False,False,False,False,kasra
31,5,27,30,ِ,ِ,36.84375,36.96375,36.88375,0.11999999999999744,0.03999999999999915,-0.0026162427,False,False,False,False,False,none
31,5,28,31,ن,ن,36.96375,37.10375,36.98374999999999,0.14000000000000057,0.01999999999999602,-0.0006800961,False,False,False,False,False,none
31,5,29,32, ,|,37.10375,37.24375,37.16374999999999,0.14000000000000057,0.05999999999999517,-0.07818196,False,True,False,False,False,fatha
31,5,30,33,ر,ر,37.24375,37.263749999999995,37.263749999999995,0.01999999999999602,0.01999999999999602,-0.00010084597,False,True,False,False,False,fatha
31,5,31,34,ّ,ّ,37.263749999999995,37.32375,37.28375,0.060000000000002274,0.020000000000003126,-12.60256,False,False,False,False,False,fatha
31,5,32,35,َ,َ,37.32375,37.64375,37.34375,0.3200000000000003,0.020000000000003126,-0.00010907055,False,True,False,False,False,kasra
31,5,33,36,ب,ب,37.64375,37.683749999999996,37.66374999999999,0.03999999999999915,0.01999999999999602,-1.060957e-05,False,True,False,False,False,kasra
31,5,34,37,ّ,ّ,37.683749999999996,37.74375,37.74375,0.060000000000002274,0.060000000000002274,-0.22696416,False,False,False,False,False,kasra
31,5,35,38,ِ,ِ,37.74375,37.863749999999996,37.763749999999995,0.11999999999999744,0.01999999999999602,-1.9788546e-05,False,False,False,False,False,kasra
31,5,36,39,ه,ه,37.863749999999996,37.943749999999994,37.88375,0.0799999999999983,0.020000000000003126,-0.000109547334,False,False,False,False,False,kasra
31,5,37,40,ِ,ِ,37.943749999999994,38.083749999999995,37.96375,0.14000000000000057,0.020000000000003126,-0.00018833294,False,False,False,False,True,sukun
31,5,38,41,م,م,38.083749999999995,38.14375,38.10375,0.060000000000002274,0.020000000000003126,-0.00012253964,False,False,False,False,True,sukun
31,5,39,42,ْ,ْ,38.14375,38.24375,38.16374999999999,0.10000000000000142,0.01999999999999602,-0.50434834,False,False,False,False,False,none
31,5,40,43, ,|,38.24375,38.32375,38.303749999999994,0.0799999999999983,0.05999999999999517,-0.01208945,False,False,False,False,False,none
31,5,41,46,و,و,38.32375,38.38375,38.34375,0.060000000000002274,0.020000000000003126,-4.5299425e-06,False,False,False,False,False,fatha
31,5,42,47,َ,َ,38.38375,38.543749999999996,38.403749999999995,0.1599999999999966,0.01999999999999602,-0.0062835277,False,False,False,False,False,damma
31,5,43,48,أ,أ,38.543749999999996,38.583749999999995,38.56375,0.03999999999999915,0.020000000000003126,-0.00077253534,False,False,False,False,False,damma
31,5,44,49,ُ,ُ,38.583749999999995,38.64375,38.64375,0.060000000000002274,0.060000000000002274,-0.17753072,False,False,False,False,False,none
31,5,45,50,و,و,38.64375,38.78375,38.683749999999996,0.14000000000000057,0.03999999999999915,-0.3212343,False,False,False,False,False,fatha
31,5,46,52,ل,ل,38.78375,38.84375,38.803749999999994,0.060000000000002274,0.01999999999999602,-2.7656173e-05,False,False,True,True,False,fatha
31,5,47,53,َ,َ,38.84375,38.88375,38.88375,0.03999999999999915,0.03999999999999915,-0.017068269,False,False,True,True,False,none
31,5,48,55,ٰ,ا,38.88375,38.92375,38.903749999999995,0.03999999999999915,0.01999999999999602,-13.2349825,False,False,False,True,False,kasra
31,5,49,56,ٓ,ا,38.92375,40.363749999999996,38.943749999999994,1.4399999999999977,0.01999999999999602,-5.389555,False,False,False,False,False,kasra
31,5,50,57,ئ,ئ,40.363749999999996,40.403749999999995,40.38375,0.03999999999999915,0.020000000000003126,-0.00013302872,False,False,False,False,False,kasra
31,5,51,58,ِ,ِ,40.403749999999995,40.583749999999995,40.443749999999994,0.17999999999999972,0.03999999999999915,-0.0025412077,False,False,False,False,False,fatha
31,5,52,59,ك,ك,40.583749999999995,40.64375,40.60375,0.060000000000002274,0.020000000000003126,-2.1815062e-05,False,False,False,False,False,fatha
31,5,53,60,َ,َ,40.64375,40.683749999999996,40.66374999999999,0.03999999999999915,0.01999999999999602,-0.00010084597,False,False,False,False,False,damma
31,5,54,61, ,|,40.683749999999996,40.803749999999994,40.74375,0.11999999999999744,0.060000000000002274,-0.0038512691,False,False,False,False,False,damma
31,5,55,62,ه,ه,40.803749999999994,40.863749999999996,40.82375,0.060000000000002274,0.020000000000003126,-3.3020428e-05,False,False,False,False,False,damma
31,5,56,63,ُ,ُ,40.863749999999996,41.02375,40.903749999999995,0.1600000000000037,0.03999999999999915,-0.021184975,False,False,False,False,False,damma
31,5,57,64,م,م,41.02375,41.10375,41.043749999999996,0.0799999999999983,0.01999999999999602,-0.00011276563,False,False,False,False,False,damma
31,5,58,65,ُ,ُ,41.10375,41.16374999999999,41.123749999999994,0.05999999999999517,0.01999999999999602,-0.0031348155,False,False,False,False,False,none
31,5,59,66, ,|,41.16374999999999,41.20375,41.20375,0.04000000000000625,0.04000000000000625,-0.00018742585,False,False,False,False,False,sukun
31,5,60,67,ٱ,ا,41.20375,41.263749999999995,41.24375,0.05999999999999517,0.03999999999999915,-0.00012575564,False,False,False,False,True,sukun
31,5,61,68,ل,ل,41.263749999999995,41.363749999999996,41.32375,0.10000000000000142,0.060000000000002274,-0.121219575,False,False,False,False,True,sukun
31,5,62,69,ْ,ْ,41.363749999999996,41.443749999999994,41.38375,0.0799999999999983,0.020000000000003126,-0.13558555,False,False,False,False,False,damma
31,5,63,70,م,م,41.443749999999994,41.50375,41.46375,0.060000000000002274,0.020000000000003126,-6.079655e-06,False,False,False,False,False,damma
31,5,64,71,ُ,ُ,41.50375,41.66374999999999,41.52375,0.1599999999999966,0.020000000000003126,-3.933829e-05,False,False,False,False,True,sukun
31,5,65,72,ف,ف,41.66374999999999,41.70375,41.683749999999996,0.04000000000000625,0.020000000000003126,-1.7150606,False,False,False,False,True,sukun
31,5,66,73,ْ,ْ,41.70375,41.82375,41.74375,0.11999999999999744,0.03999999999999915,-0.15763633,False,False,False,False,False,kasra
31,5,67,74,ل,ل,41.82375,41.903749999999995,41.84375,0.0799999999999983,0.020000000000003126,-1.537788e-05,False,False,False,False,False,kasra
31,5,68,75,ِ,ِ,41.903749999999995,42.083749999999995,41.92375,0.17999999999999972,0.020000000000003126,-7.223822e-05,False,False,False,False,False,damma
31,5,69,76,ح,ح,42.083749999999995,42.14375,42.10375,0.060000000000002274,0.020000000000003126,-8.105903e-05,False,False,False,False,False,damma
31,5,70,77,ُ,ُ,42.14375,44.14375,42.16374999999999,2.0,0.01999999999999602,-0.012017114,False,False,False,False,False,fatha
31,5,71,78,و,و,44.14375,44.52374999999999,44.16374999999999,0.37999999999999545,0.01999999999999602,-2.3603161e-05,False,False,False,False,False,fatha
31,5,72,79,ن,ن,44.52374999999999,45.50375,44.543749999999996,0.980000000000004,0.020000000000003126,-7.2717403e-06,False,False,False,False,False,fatha
31,5,73,80,َ,َ,45.50375,46.481125,45.56375,0.9773750000000021,0.060000000000002274,-0.028817857,False,False,False,False,False,none
31,6,0,0,و,و,46.2810625,46.3010625,46.3010625,0.020000000000003126,0.020000000000003126,-19.433596,False,False,False,False,False,fatha
31,6,1,1,َ,َ,46.3010625,46.3210625,46.3210625,0.01999999999999602,0.01999999999999602,-15.430666,False,False,False,False,False,kasra
31,6,2,2,م,م,46.3210625,46.3410625,46.3410625,0.020000000000003126,0.020000000000003126,-13.387363,False,False,False,False,False,kasra
31,6,3,3,ِ,ِ,46.3410625,46.361062499999996,46.361062499999996,0.01999999999999602,0.01999999999999602,-15.311628,False,False,False,False,False,fatha
31,6,4,4,ن,ن,46.361062499999996,46.3810625,46.3810625,0.020000000000003126,0.020000000000003126,-0.029533196,False,False,False,False,False,fatha
31,6,5,5,َ,َ,46.3810625,46.401062499999995,46.401062499999995,0.01999999999999602,0.01999999999999602,-15.780921,False,False,False,False,False,none
31,6,6,6, ,|,46.401062499999995,46.4210625,46.4210625,0.020000000000003126,0.020000000000003126,-19.527365,False,False,False,False,False,none
31,6,7,7,ٱ,ا,46.4210625,46.441062499999994,46.441062499999994,0.01999999999999602,0.01999999999999602,-17.875017,False,False,False,False,False,none
31,6,8,8,ل,ل,46.441062499999994,46.4610625,46.4610625,0.020000000000003126,0.020000000000003126,-17.044937,False,True,False,False,False,fatha
31,6,9,9,ن,ن,46.4610625,46.4810625,46.4810625,0.020000000000003126,0.020000000000003126,-11.597677,False,True,False,False,False,fatha
31,6,10,10,ّ,ّ,46.4810625,46.501062499999996,46.501062499999996,0.01999999999999602,0.01999999999999602,-15.684575,False,False,False,False,False,fatha
31,6,11,11,َ,َ,46.501062499999996,46.5610625,46.5210625,0.060000000000002274,0.020000000000003126,-17.789066,False,False,False,False,False,kasra
31,6,12,12,ا,ا,46.5610625,46.6010625,46.581062499999994,0.03999999999999915,0.01999999999999602,-17.609379,False,False,False,False,False,kasra
31,6,13,13,س,س,46.6010625,46.7410625,46.6210625,0.14000000000000057,0.020000000000003126,-18.464851,False,False,False,False,False,kasra
31,6,14,14,ِ,ِ,46.7410625,46.7810625,46.761062499999994,0.03999999999999915,0.01999999999999602,-14.542606,False,False,False,False,False,fatha
31,6,15,15, ,|,46.7810625,46.8010625,46.8010625,0.020000000000003126,0.020000000000003126,-0.017493946,False,False,False,False,False,fatha
31,6,16,16,م,م,46.8010625,46.8210625,46.8210625,0.01999999999999602,0.01999999999999602,-15.043166,False,False,False,False,False,fatha
31,6,17,17,َ,َ,46.8210625,46.8410625,46.8410625,0.020000000000003126,0.020000000000003126,-15.614159,False,False,False,False,False,none
31,6,18,18,ن,ن,46.8410625,46.861062499999996,46.861062499999996,0.01999999999999602,0.01999999999999602,-17.207178,False,False,False,False,False,fatha
31,6,19,19, ,|,46.861062499999996,46.901062499999995,46.8810625,0.03999999999999915,0.020000000000003126,-14.513674,False,False,False,False,False,fatha
31,6,20,20,ي,ي,46.901062499999995,46.9610625,46.9210625,0.060000000000002274,0.020000000000003126,-6.675698e-06,False,False,False,False,False,fatha
31,6,21,21,َ,َ,46.9610625,47.1210625,46.9810625,0.1600000000000037,0.020000000000003126,-0.28506336,False,False,False,False,True,sukun
31,6,22,22,ش,ش,47.1210625,47.2010625,47.1410625,0.0799999999999983,0.01999999999999602,-0.00031466302,False,False,False,False,True,sukun
31,6,23,23,ْ,ْ,47.2010625,47.3210625,47.221062499999995,0.11999999999999744,0.01999999999999602,-6.216845,False,False,False,False,False,fatha
31,6,24,24,ت,ت,47.3210625,47.401062499999995,47.3410625,0.0799999999999983,0.020000000000003126,-0.00014530557,False,False,False,False,False,fatha
31,6,25,25,َ,َ,47.401062499999995,47.5610625,47.4210625,0.1600000000000037,0.020000000000003126,-0.36255822,False,False,False,False,False,kasra
31,6,26,26,ر,ر,47.5610625,47.6210625,47.581062499999994,0.060000000000002274,0.01999999999999602,-2.0265374e-05,False,False,False,False,False,kasra
31,6,27,27,ِ,ِ,47.6210625,47.761062499999994,47.6410625,0.13999999999999346,0.01999999999999602,-0.7250646,False,False,False,False,False,none
31,6,28,28,ى,ى,47.761062499999994,47.861062499999996,47.7810625,0.10000000000000142,0.020000000000003126,-14.855479,False,False,False,False,False,fatha
31,6,29,29, ,|,47.861062499999996,47.9210625,47.8810625,0.060000000000002274,0.020000000000003126,-0.64738643,False,False,False,False,False,fatha
31,6,30,30,ل,ل,47.9210625,48.001062499999996,47.9410625,0.0799999999999983,0.020000000000003126,-0.00019012074,False,False,False,False,False,fatha
31,6,31,31,َ,َ,48.001062499999996,48.1210625,48.0210625,0.12000000000000455,0.020000000000003126,-0.30808118,False,False,False,False,True,sukun
31,6,32,32,ه,ه,48.1210625,48.2010625,48.1410625,0.0799999999999983,0.01999999999999602,-0.0029598735,False,False,False,False,True,sukun
31,6,33,33,ْ,ْ,48.2010625,48.361062499999996,48.221062499999995,0.1599999999999966,0.01999999999999602,-6.2459955,False,False,False,False,False,fatha
31,6,34,34,و,و,48.361062499999996,48.4210625,48.3810625,0.060000000000002274,0.020000000000003126,-6.496695e-05,False,False,False,False,False,fatha
31,6,35,35,َ,َ,48.4210625,48.501062499999996,48.4410625,0.0799999999999983,0.020000000000003126,-0.79565495,False,False,False,False,False,none
31,6,36,36, ,|,48.501062499999996,48.5210625,48.5210625,0.020000000000003126,0.020000000000003126,-5.058657,False,False,False,False,False,sukun
31,6,37,37,ٱ,ا,48.5210625,48.6010625,48.5610625,0.0799999999999983,0.03999999999999915,-0.0011503391,False,False,False,False,True,sukun
31,6,38,38,ل,ل,48.6010625,48.6610625,48.6410625,0.060000000000002274,0.03999999999999915,-0.004635478,False,False,False,False,True,sukun
31,6,39,39,ْ,ْ,48.6610625,48.7810625,48.681062499999996,0.11999999999999744,0.01999999999999602,-2.9817426,False,False,False,False,False,fatha
31,6,40,40,ح,ح,48.7810625,48.861062499999996,48.8010625,0.0799999999999983,0.020000000000003126,-0.00013481661,False,False,False,False,False,fatha
31,6,41,41,َ,َ,48.861062499999996,49.001062499999996,48.8810625,0.14000000000000057,0.020000000000003126,-0.14693327,False,False,False,False,False,kasra
31,6,42,42,د,د,49.001062499999996,49.081062499999994,49.0210625,0.0799999999999983,0.020000000000003126,-0.0002849888,False,False,False,False,False,kasra
31,6,43,43,ِ,ِ,49.081062499999994,49.1610625,49.1010625,0.0800000000000054,0.020000000000003126,-0.140673,False,False,False,False,False,kasra
31,6,44,44,ي,ي,49.1610625,49.4210625,49.181062499999996,0.259999999999998,0.01999999999999602,-3.7669426e-05,False,False,False,False,False,kasra
31,6,45,45,ث,ث,49.4210625,49.501062499999996,49.4410625,0.0799999999999983,0.020000000000003126,-0.0020580557,False,False,False,False,False,kasra
31,6,46,46,ِ,ِ,49.501062499999996,49.5610625,49.5210625,0.060000000000002274,0.020000000000003126,-0.24885027,False,False,False,False,False,kasra
31,6,47,47, ,|,49.5610625,49.6610625,49.621062499999994,0.10000000000000142,0.05999999999999517,-0.039519463,False,False,False,False,False,kasra
31,6,48,48,ل,ل,49.6610625,49.721062499999995,49.681062499999996,0.05999999999999517,0.01999999999999602,-0.03186311,False,False,False,False,False,kasra
31,6,49,49,ِ,ِ,49.721062499999995,49.8410625,49.7410625,0.12000000000000455,0.020000000000003126,-0.15842476,False,False,False,False,False,damma
31,6,50,50,ي,ي,49.8410625,49.901062499999995,49.861062499999996,0.05999999999999517,0.01999999999999602,-0.0010124086,False,False,False,False,False,damma
31,6,51,51,ُ,ُ,49.901062499999995,50.081062499999994,49.9210625,0.17999999999999972,0.020000000000003126,-0.7675069,False,False,False,False,False,kasra
31,6,52,52,ض,ض,50.081062499999994,50.1610625,50.1010625,0.0800000000000054,0.020000000000003126,-0.0010567086,True,False,False,False,False,kasra
31,6,53,53,ِ,ِ,50.1610625,50.4610625,50.181062499999996,0.29999999999999716,0.01999999999999602,-0.06668349,False,True,False,False,False,fatha
31,6,54,54,ل,ل,50.4610625,50.5210625,50.4810625,0.060000000000002274,0.020000000000003126,-8.082063e-05,False,True,False,False,False,fatha
31,6,55,55,ّ,ّ,50.5210625,50.5610625,50.541062499999995,0.03999999999999915,0.01999999999999602,-0.34401172,False,False,False,False,False,fatha
31,6,56,56,َ,َ,50.5610625,50.621062499999994,50.581062499999994,0.05999999999999517,0.01999999999999602,-0.5785457,False,False,False,False,False,fatha
31,6,57,57, ,|,50.621062499999994,50.7010625,50.6410625,0.0800000000000054,0.020000000000003126,-3.446449,False,False,False,False,False,fatha
31,6,58,58,ع,ع,50.7010625,50.7410625,50.721062499999995,0.03999999999999915,0.01999999999999602,-8.737659e-05,False,False,False,False,False,fatha
31,6,59,59,َ,َ,50.7410625,51.361062499999996,50.761062499999994,0.6199999999999974,0.01999999999999602,-0.055805612,False,False,False,False,False,none
31,6,60,60,ن,ن,51.361062499999996,51.4810625,51.3810625,0.12000000000000455,0.020000000000003126,-0.038420048,False,False,False,False,False,fatha
31,6,61,61, ,|,51.4810625,51.6010625,51.501062499999996,0.11999999999999744,0.01999999999999602,-4.642576,False,False,False,False,False,fatha
31,6,62,62,س,س,51.6010625,51.681062499999996,51.621062499999994,0.0799999999999983,0.01999999999999602,-0.00014590153,False,False,False,False,False,fatha
31,6,63,63,َ,َ,51.681062499999996,51.8410625,51.7010625,0.1600000000000037,0.020000000000003126,-0.0383846,False,False,False,False,False,kasra
31,6,64,64,ب,ب,51.8410625,51.901062499999995,51.861062499999996,0.05999999999999517,0.01999999999999602,-0.07974702,False,False,False,False,False,kasra
31,6,65,65,ِ,ِ,51.901062499999995,52.001062499999996,51.9210625,0.10000000000000142,0.020000000000003126,-0.6188477,False,False,False,False,False,kasra
31,6,66,66,ي,ي,52.001062499999996,52.2410625,52.041062499999995,0.240000000000002,0.03999999999999915,-0.17256229,False,False,False,False,False,kasra
31,6,67,67,ل,ل,52.2410625,52.3210625,52.261062499999994,0.0799999999999983,0.01999999999999602,-0.07071025,False,False,False,False,False,kasra
31,6,68,68,ِ,ِ,52.3210625,52.3810625,52.3410625,0.060000000000002274,0.020000000000003126,-0.1763325,False,False,False,False,False,none
31,6,69,69, ,|,52.3810625,52.4410625,52.4210625,0.060000000000002274,0.03999999999999915,-0.030491311,False,False,False,False,False,none
31,6,70,70,ٱ,ا,52.4410625,52.4810625,52.4610625,0.03999999999999915,0.01999999999999602,-0.2609381,False,False,False,False,False,none
31,6,71,71,ل,ل,52.4810625,52.6610625,52.541062499999995,0.17999999999999972,0.05999999999999517,-0.056939527,False,True,False,False,False,fatha
31,6,72,72,ل,ل,52.6610625,52.7010625,52.7010625,0.03999999999999915,0.03999999999999915,-0.0006106534,False,True,False,False,False,fatha
31,6,73,73,ّ,ّ,52.7010625,52.761062499999994,52.7410625,0.05999999999999517,0.03999999999999915,-0.37996185,False,False,False,False,False,fatha
31,6,74,74,َ,َ,52.761062499999994,53.041062499999995,52.8010625,0.28000000000000114,0.04000000000000625,-0.25809807,False,False,False,False,False,kasra
31,6,75,75,ه,ه,53.041062499999995,53.121062499999994,53.0610625,0.0799999999999983,0.020000000000003126,-5.0066647e-05,False,False,False,False,False,kasra
31,6,76,76,ِ,ِ,53.121062499999994,53.2010625,53.1410625,0.0800000000000054,0.020000000000003126,-0.09589015,False,False,False,False,False,kasra
31,6,77,77, ,|,53.2010625,53.2810625,53.2410625,0.0799999999999983,0.03999999999999915,-0.0026556344,False,False,False,False,False,kasra
31,6,78,78,ب,ب,53.2810625,53.3410625,53.3010625,0.060000000000002274,0.020000000000003126,-0.6806366,False,False,False,False,False,kasra
31,6,79,79,ِ,ِ,53.3410625,53.541062499999995,53.3810625,0.19999999999999574,0.03999999999999915,-0.2965414,False,False,False,False,False,fatha
31,6,80,80,غ,غ,53.541062499999995,53.6010625,53.5610625,0.060000000000002274,0.020000000000003126,-0.020353507,False,False,False,False,False,fatha
31,6,81,81,َ,َ,53.6010625,53.7410625,53.6410625,0.14000000000000057,0.03999999999999915,-0.14101799,False,False,False,False,True,sukun
31,6,82,82,ي,ي,53.7410625,53.8010625,53.761062499999994,0.060000000000002274,0.01999999999999602,-3.3854863e-05,False,False,False,False,True,sukun
31,6,83,83,ْ,ْ,53.8010625,53.9210625,53.8210625,0.11999999999999744,0.01999999999999602,-4.22567,False,False,False,False,False,kasra
31,6,84,84,ر,ر,53.9210625,53.9610625,53.9410625,0.03999999999999915,0.020000000000003126,-0.00046433156,False,False,False,False,False,kasra
31,6,85,85,ِ,ِ,53.9610625,54.0210625,54.001062499999996,0.060000000000002274,0.03999999999999915,-0.23957705,False,False,False,False,False,kasra
31,6,86,86, ,|,54.0210625,54.1410625,54.081062499999994,0.11999999999999744,0.05999999999999517,-0.0034499543,False,False,False,False,False,kasra
31,6,87,87,ع,ع,54.1410625,54.181062499999996,54.1610625,0.03999999999999915,0.020000000000003126,-7.247662e-05,False,False,False,False,False,kasra
31,6,88,88,ِ,ِ,54.181062499999996,54.3210625,54.2010625,0.14000000000000057,0.020000000000003126,-0.05438206,False,False,False,False,True,sukun
31,6,89,89,ل,ل,54.3210625,54.401062499999995,54.361062499999996,0.0799999999999983,0.03999999999999915,-0.28059825,False,False,False,False,True,sukun
31,6,90,90,ْ,ْ,54.401062499999995,54.541062499999995,54.4210625,0.14000000000000057,0.020000000000003126,-2.2910688,False,False,False,False,False,tanween
31,6,91,91,م,م,54.541062499999995,54.6410625,54.5610625,0.10000000000000142,0.020000000000003126,-0.0017159751,False,False,False,False,False,tanween
31,6,92,92,ٍ,ٍ,54.6410625,55.3410625,54.6610625,0.7000000000000028,0.020000000000003126,-0.7173662,False,False,False,False,False,none
31,6,93,94, ,|,55.3410625,55.4410625,55.401062499999995,0.10000000000000142,0.05999999999999517,-0.079362296,False,False,False,False,False,fatha
31,6,94,95,و,و,55.4410625,55.501062499999996,55.4610625,0.05999999999999517,0.01999999999999602,-0.00097632414,False,False,False,False,False,fatha
31,6,95,96,َ,َ,55.501062499999996,55.6410625,55.5210625,0.14000000000000057,0.020000000000003126,-0.3601648,False,False,False,False,False,fatha
31,6,96,97,ي,ي,55.6410625,55.681062499999996,55.6610625,0.03999999999999915,0.020000000000003126,-8.737659e-05,False,False,False,False,False,fatha
31,6,97,98,َ,َ,55.681062499999996,56.041062499999995,55.7010625,0.35999999999999943,0.020000000000003126,-0.14169921,False,True,False,False,False,fatha
31,6,98,99,ت,ت,56.041062499999995,56.0810625,56.0610625,0.04000000000000625,0.020000000000003126,-5.125868e-05,False,True,False,False,False,fatha
31,6,99,100,ّ,ّ,56.0810625,56.1410625,56.121062499999994,0.05999999999999517,0.03999999999999204,-0.32199472,False,False,False,False,False,fatha
31,6,100,101,َ,َ,56.1410625,56.3010625,56.1610625,0.1600000000000037,0.020000000000003126,-0.6010398,False,False,False,False,False,kasra
31,6,101,102,خ,خ,56.3010625,56.361062499999996,56.3210625,0.05999999999999517,0.01999999999999602,-7.7602235e-05,False,False,False,False,False,kasra
31,6,102,103,ِ,ِ,56.361062499999996,56.5210625,56.3810625,0.1600000000000037,0.020000000000003126,-0.0966898,False,False,False,False,False,fatha
31,6,103,104,ذ,ذ,56.5210625,56.6010625,56.541062499999995,0.0799999999999983,0.01999999999999602,-0.0002785533,False,False,False,False,False,fatha
31,6,104,105,َ,َ,56.6010625,56.761062499999994,56.621062499999994,0.1599999999999966,0.01999999999999602,-0.33979705,False,False,False,False,False,fatha
31,6,105,106,ه,ه,56.761062499999994,56.8210625,56.7810625,0.060000000000002274,0.020000000000003126,-2.2649509e-05,False,False,False,False,False,fatha
31,6,106,107,َ,َ,56.8210625,56.8810625,56.8410625,0.060000000000002274,0.020000000000003126,-0.26632962,False,False,False,False,False,none
31,6,107,108,ا,ا,56.8810625,57.041062499999995,56.901062499999995,0.1599999999999966,0.01999999999999602,-0.00073870545,False,False,False,False,False,damma
31,6,108,109, ,|,57.041062499999995,57.181062499999996,57.0810625,0.14000000000000057,0.04000000000000625,-0.13442557,False,False,False,False,False,damma
31,6,109,110,ه,ه,57.181062499999996,57.2410625,57.2010625,0.060000000000002274,0.020000000000003126,-0.007969841,False,False,False,False,False,damma
31,6,110,111,ُ,ُ,57.2410625,57.401062499999995,57.261062499999994,0.1599999999999966,0.01999999999999602,-0.19442469,False,False,False,False,False,damma
31,6,111,112,ز,ز,57.401062499999995,57.4610625,57.4210625,0.060000000000002274,0.020000000000003126,-8.292358,False,False,False,False,False,damma
31,6,112,113,ُ,ُ,57.4610625,57.681062499999996,57.4810625,0.21999999999999886,0.020000000000003126,-1.6545928,False,False,False,False,False,tanween
31,6,113,114,و,و,57.681062499999996,57.761062499999994,57.7010625,0.0799999999999983,0.020000000000003126,-0.00018642595,False,False,False,False,False,tanween
31,6,114,115,ً,ً,57.761062499999994,57.8210625,57.7810625,0.060000000000002274,0.020000000000003126,-0.3158621,False,False,False,False,False,none
31,6,115,116,ا,ا,57.8210625,59.3010625,57.8410625,1.480000000000004,0.020000000000003126,-0.006885492,False,False,False,False,False,none
31,6,116,117, ,|,59.3010625,59.4210625,59.3410625,0.11999999999999744,0.03999999999999915,-0.4152016,False,False,False,False,False,none
31,6,117,120,أ,أ,59.4210625,59.4610625,59.4410625,0.03999999999999915,0.020000000000003126,-0.000387236,False,False,False,False,False,damma
31,6,118,121,ُ,ُ,59.4610625,59.4810625,59.4810625,0.020000000000003126,0.020000000000003126,-0.2236848,False,False,False,False,False,none
31,6,119,122,و,و,59.4810625,59.6010625,59.541062499999995,0.11999999999999744,0.05999999999999517,-0.25719148,False,False,False,False,False,fatha
31,6,120,124,ل,ل,59.6010625,59.681062499999996,59.621062499999994,0.0799999999999983,0.01999999999999602,-0.00050091115,False,False,True,True,False,fatha
31,6,121,125,َ,َ,59.681062499999996,59.7410625,59.7010625,0.060000000000002274,0.020000000000003126,-0.06946737,False,False,True,True,False,none
31,6,122,127,ٰ,ا,59.7410625,60.501062499999996,59.761062499999994,0.759999999999998,0.01999999999999602,-10.837306,False,False,False,True,False,kasra
31,6,123,128,ٓ,ا,60.501062499999996,61.1610625,60.5210625,0.6600000000000037,0.020000000000003126,-10.867212,False,False,False,False,False,kasra
31,6,124,129,ئ,ئ,61.1610625,61.2010625,61.181062499999996,0.03999999999999915,0.01999999999999602,-0.0005832401,False,False,False,False,False,kasra
31,6,125,130,ِ,ِ,61.2010625,61.3810625,61.2410625,0.17999999999999972,0.03999999999999915,-0.37084833,False,False,False,False,False,fatha
31,6,126,131,ك,ك,61.3810625,61.4410625,61.401062499999995,0.060000000000002274,0.01999999999999602,-2.3841574e-05,False,False,False,False,False,fatha
31,6,127,132,َ,َ,61.4410625,61.501062499999996,61.4610625,0.05999999999999517,0.01999999999999602,-0.05663131,False,False,False,False,False,fatha
31,6,128,133, ,|,61.501062499999996,61.5810625,61.5610625,0.0800000000000054,0.060000000000002274,-0.00024163625,False,False,False,False,False,fatha
31,6,129,134,ل,ل,61.5810625,61.6410625,61.6010625,0.05999999999999517,0.01999999999999602,-3.6954812e-06,False,False,False,False,False,fatha
31,6,130,135,َ,َ,61.6410625,61.761062499999994,61.6610625,0.11999999999999744,0.020000000000003126,-0.18630776,False,False,False,False,False,damma
31,6,131,136,ه,ه,61.761062499999994,61.8210625,61.7810625,0.060000000000002274,0.020000000000003126,-4.7801783e-05,False,False,False,False,False,damma
31,6,132,137,ُ,ُ,61.8210625,61.9210625,61.8410625,0.10000000000000142,0.020000000000003126,-0.17329048,False,False,False,False,True,sukun
31,6,133,138,م,م,61.9210625,61.9610625,61.9410625,0.03999999999999915,0.020000000000003126,-0.041399144,False,False,False,False,True,sukun
31,6,134,139,ْ,ْ,61.9610625,62.001062499999996,61.9810625,0.03999999999999915,0.020000000000003126,-1.8256673,False,False,False,False,False,fatha
31,6,135,140, ,|,62.001062499999996,62.1010625,62.041062499999995,0.10000000000000142,0.03999999999999915,-0.088036805,False,False,False,False,False,fatha
31,6,136,141,ع,ع,62.1010625,62.1610625,62.121062499999994,0.060000000000002274,0.01999999999999602,-5.4312644,False,False,False,False,False,fatha
31,6,137,142,َ,َ,62.1610625,62.4410625,62.181062499999996,0.28000000000000114,0.01999999999999602,-0.64214647,False,False,False,False,False,fatha
31,6,138,143,ذ,ذ,62.4410625,62.501062499999996,62.4610625,0.05999999999999517,0.01999999999999602,-0.3567861,False,False,False,False,False,fatha
31,6,139,144,َ,َ,62.501062499999996,62.5810625,62.5210625,0.0800000000000054,0.020000000000003126,-1.3083882,False,False,False,False,False,tanween
31,6,140,145,ا,ا,62.5810625,62.8010625,62.6010625,0.21999999999999886,0.01999999999999602,-0.0031373112,False,False,False,False,False,tanween
31,6,141,146,ب,ب,62.8010625,62.9210625,62.8210625,0.11999999999999744,0.01999999999999602,-5.5961103,False,False,False,False,False,tanween
31,6,142,147,ٌ,ٌ,62.9210625,63.041062499999995,62.9410625,0.11999999999999744,0.020000000000003126,-4.827226,False,False,False,False,False,none
31,6,143,149, ,|,63.041062499999995,63.8010625,63.0610625,0.7600000000000051,0.020000000000003126,-3.0975606,False,True,False,False,False,damma
31,6,144,150,م,م,63.8010625,63.84106249999999,63.8210625,0.03999999999999204,0.01999999999999602,-0.008038668,False,True,False,False,False,damma
31,6,145,151,ّ,ّ,63.84106249999999,63.8610625,63.8610625,0.020000000000010232,0.020000000000010232,-3.3393888,False,False,False,False,False,damma
31,6,146,152,ُ,ُ,63.8610625,64.0210625,63.8810625,0.1599999999999966,0.01999999999999602,-0.9597168,False,False,False,False,False,kasra
31,6,147,153,ه,ه,64.0210625,64.0810625,64.0410625,0.060000000000002274,0.01999999999999602,-0.005807906,False,False,False,False,False,kasra
31,6,148,154,ِ,ِ,64.0810625,64.2210625,64.1010625,0.14000000000000057,0.01999999999999602,-1.1966925,False,False,False,False,False,tanween
31,6,149,155,ي,ي,64.2210625,64.6810625,64.2410625,0.45999999999999375,0.01999999999999602,-0.10025339,False,False,False,False,False,tanween
31,6,150,156,ن,ن,64.6810625,66.7010625,64.7010625,2.0200000000000102,0.020000000000010232,-0.0034901914,False,False,False,False,False,tanween
31,6,151,157,ٌ,ٌ,66.9210625,67.24324999999999,66.9410625,0.3221874999999841,0.01999999999999602,-14.699294,False,False,False,False,False,none
31,7,0,0,و,و,67.08325,67.10325,67.10325,0.01999999999999602,0.01999999999999602,-15.170441,False,False,False,False,False,fatha
31,7,1,1,َ,َ,67.10325,67.12325,67.12325,0.01999999999999602,0.01999999999999602,-12.39407,False,False,False,False,False,kasra
31,7,2,2,إ,إ,67.12325,67.14325,67.14325,0.01999999999999602,0.01999999999999602,-15.68079,False,False,False,False,False,kasra
31,7,3,3,ِ,ِ,67.14325,67.16325,67.16325,0.020000000000010232,0.020000000000010232,-12.252267,False,False,False,False,False,fatha
31,7,4,4,ذ,ذ,67.16325,67.18325,67.18325,0.01999999999999602,0.01999999999999602,-14.135726,False,False,False,False,False,fatha
31,7,5,5,َ,َ,67.18325,67.22325000000001,67.20325,0.04000000000000625,0.01999999999999602,-3.3181512,False,False,False,False,False,none
31,7,6,6,ا,ا,67.22325000000001,67.36325,67.24325,0.13999999999998636,0.01999999999999602,-0.0004426453,False,False,False,False,False,damma
31,7,7,7, ,|,67.36325,67.38325,67.38325,0.020000000000010232,0.020000000000010232,-0.015316133,False,False,False,False,False,damma
31,7,8,8,ت,ت,67.38325,67.40325,67.40325,0.01999999999999602,0.01999999999999602,-14.105467,False,False,False,False,False,damma
31,7,9,9,ُ,ُ,67.40325,67.42325,67.42325,0.01999999999999602,0.01999999999999602,-15.84497,False,False,False,False,True,sukun
31,7,10,10,ت,ت,67.42325,67.48325,67.44325,0.060000000000002274,0.020000000000010232,-13.441121,False,False,False,False,True,sukun
31,7,11,11,ْ,ْ,67.48325,67.50325,67.50325,0.01999999999999602,0.01999999999999602,-14.223041,False,False,True,False,False,fatha
31,7,12,12,ل,ل,67.50325,67.56325,67.52325,0.060000000000002274,0.020000000000010232,-14.086634,False,False,True,False,False,fatha
31,7,13,13,َ,َ,67.56325,67.58325,67.58325,0.020000000000010232,0.020000000000010232,-0.017093124,False,False,True,False,False,none
31,7,14,14,ى,ى,67.58325,67.60325,67.60325,0.01999999999999602,0.01999999999999602,-13.967534,False,False,True,False,False,none
31,7,15,15,ٰ,ا,67.60325,67.62325,67.62325,0.01999999999999602,0.01999999999999602,-11.298841,False,False,False,False,False,fatha
31,7,16,16, ,|,67.62325,67.64325,67.64325,0.01999999999999602,0.01999999999999602,-16.927742,False,False,False,False,False,fatha
31,7,17,17,ع,ع,67.64325,67.70325,67.66325,0.060000000000002274,0.020000000000010232,-17.951176,False,False,False,False,False,fatha
31,7,18,18,َ,َ,67.70325,67.74325,67.72325000000001,0.04000000000000625,0.020000000000010232,-19.507812,False,False,False,False,False,fatha
31,7,19,19,ل,ل,67.74325,67.80325,67.76325,0.060000000000002274,0.01999999999999602,-0.8528433,False,False,False,False,False,fatha
31,7,20,20,َ,َ,67.80325,67.92325,67.82325,0.11999999999999034,0.01999999999999602,-0.5012256,False,False,False,False,True,sukun
31,7,21,21,ي,ي,67.92325,68.04325,67.94325,0.12000000000000455,0.020000000000010232,-2.4318399e-05,False,False,False,False,True,sukun
31,7,22,22,ْ,ْ,68.04325,68.14325,68.06325,0.09999999999999432,0.01999999999999602,-4.5496936,False,False,False,False,False,kasra
31,7,23,23,ه,ه,68.14325,68.18325,68.16325,0.04000000000000625,0.020000000000010232,-10.824321,False,False,False,False,False,kasra
31,7,24,24,ِ,ِ,68.18325,68.30325,68.22325000000001,0.12000000000000455,0.04000000000000625,-0.3661021,False,False,False,False,False,fatha
31,7,25,25, ,|,68.30325,68.32325,68.32325,0.01999999999999602,0.01999999999999602,-0.0037752562,False,False,False,False,False,fatha
31,7,26,26,ء,ء,68.32325,68.34325,68.34325,0.01999999999999602,0.01999999999999602,-17.568377,False,False,False,False,False,fatha
31,7,27,27,َ,َ,68.34325,68.38325,68.36325,0.04000000000000625,0.01999999999999602,-17.08812,False,False,False,False,False,fatha
31,7,28,28,ا,ا,68.38325,68.76325,68.40325,0.37999999999999545,0.01999999999999602,-14.748554,False,False,True,False,False,fatha
31,7,29,29,ي,ي,68.76325,68.82325,68.78325,0.060000000000002274,0.01999999999999602,-0.000115387935,False,False,True,False,False,fatha
31,7,30,30,َ,َ,68.82325,68.90325,68.84325,0.0799999999999983,0.01999999999999602,-4.0258255,False,False,True,False,False,none
31,7,31,32,ٰ,ا,68.90325,69.18325,68.92325,0.28000000000000114,0.01999999999999602,-0.0105730845,False,False,False,False,False,damma
31,7,32,33,ت,ت,69.18325,69.24325,69.20325,0.060000000000002274,0.01999999999999602,-2.860982e-05,False,False,False,False,False,damma
31,7,33,34,ُ,ُ,69.24325,69.40325,69.26325,0.1599999999999966,0.01999999999999602,-0.000959651,False,False,False,False,False,fatha
31,7,34,35,ن,ن,69.40325,69.46325,69.42325,0.060000000000002274,0.01999999999999602,-0.0011132717,False,False,False,False,False,fatha
31,7,35,36,َ,َ,69.46325,69.50325,69.48325,0.03999999999999204,0.01999999999999602,-0.51688784,False,False,False,False,False,none
31,7,36,37,ا,ا,69.50325,69.72325000000001,69.52325,0.22000000000001307,0.020000000000010232,-9.129017,False,False,False,False,False,fatha
31,7,37,38, ,|,69.72325000000001,69.84325,69.76325,0.11999999999999034,0.03999999999999204,-0.120147586,False,False,False,False,False,fatha
31,7,38,39,و,و,69.84325,69.90325,69.86325,0.060000000000002274,0.01999999999999602,-1.7046783e-05,False,False,False,False,False,fatha
31,7,39,40,َ,َ,69.90325,70.24325,69.92325,0.3400000000000034,0.01999999999999602,-0.32181185,False,True,False,False,False,fatha
31,7,40,41,ل,ل,70.24325,70.28325,70.26325,0.03999999999999204,0.01999999999999602,-0.0028155707,False,True,True,False,False,fatha
31,7,41,42,ّ,ّ,70.28325,70.32325,70.32325,0.04000000000000625,0.04000000000000625,-0.14005199,False,False,True,False,False,fatha
31,7,42,43,َ,َ,70.32325,70.34325,70.34325,0.01999999999999602,0.01999999999999602,-0.6888757,False,False,True,False,False,none
31,7,43,44,ى,ى,70.34325,70.40325,70.36325,0.060000000000002274,0.01999999999999602,-16.052647,False,False,True,False,False,none
31,7,44,45,ٰ,ا,70.40325,70.54325,70.42325,0.14000000000000057,0.01999999999999602,-0.00072012236,False,False,False,False,False,damma
31,7,45,46, ,|,70.54325,70.66325,70.58325,0.12000000000000455,0.04000000000000625,-0.00020543572,False,False,False,False,False,damma
31,7,46,47,م,م,70.66325,70.72325000000001,70.70325,0.060000000000002274,0.03999999999999204,-0.007321004,False,False,False,False,False,damma
31,7,47,48,ُ,ُ,70.72325000000001,70.90325,70.76325,0.1799999999999926,0.03999999999999204,-0.011083207,False,False,False,False,True,sukun
31,7,48,49,س,س,70.90325,70.98325,70.92325,0.0799999999999983,0.01999999999999602,-1.716599e-05,False,False,False,False,True,sukun
31,7,49,50,ْ,ْ,70.98325,71.10325,71.00325,0.12000000000000455,0.01999999999999602,-2.4854107,False,False,False,False,False,fatha
31,7,50,51,ت,ت,71.10325,71.16325,71.12325,0.060000000000002274,0.01999999999999602,-2.682173e-05,False,False,False,False,False,fatha
31,7,51,52,َ,َ,71.16325,71.36325,71.20325,0.19999999999998863,0.03999999999999204,-0.25039688,False,False,False,False,True,sukun
31,7,52,53,ك,ك,71.36325,71.42325,71.38325,0.060000000000002274,0.020000000000010232,-0.10733133,False,False,False,False,True,sukun
31,7,53,54,ْ,ْ,71.42325,71.52325,71.44325,0.10000000000000853,0.020000000000010232,-0.6145086,False,False,False,False,False,kasra
31,7,54,55,ب,ب,71.52325,71.58325,71.54325,0.060000000000002274,0.01999999999999602,-12.363299,False,False,False,False,False,kasra
31,7,55,56,ِ,ِ,71.58325,71.74325,71.62325,0.1599999999999966,0.03999999999999204,-0.2143768,False,False,False,False,False,tanween
31,7,56,57,ر,ر,71.74325,71.82325,71.76325,0.0799999999999983,0.01999999999999602,-0.00032205164,False,False,False,False,False,tanween
31,7,57,58,ً,ً,71.82325,71.84325,71.84325,0.01999999999999602,0.01999999999999602,-0.5040214,False,False,False,False,False,none
31,7,58,60,ا,ا,71.84325,72.50325,71.88325,0.6599999999999966,0.04000000000000625,-0.29584414,False,False,False,False,False,fatha
31,7,59,61, ,|,72.50325,72.64325,72.52325,0.14000000000000057,0.020000000000010232,-4.956371,False,False,False,False,False,fatha
31,7,60,62,ك,ك,72.64325,72.70325,72.66325,0.060000000000002274,0.020000000000010232,-2.2768714e-05,False,False,False,False,False,fatha
31,7,61,63,َ,َ,72.70325,72.86325,72.72325000000001,0.1599999999999966,0.020000000000010232,-0.028254723,False,False,False,False,False,fatha
31,7,62,64,أ,أ,72.86325,72.90325,72.88325,0.04000000000000625,0.020000000000010232,-1.442422e-05,False,False,False,False,False,fatha
31,7,63,65,َ,َ,72.90325,73.00325,72.94325,0.09999999999999432,0.04000000000000625,-0.03475265,False,False,False,False,False,none
31,7,64,66,ن,ن,73.00325,73.16325,73.04325,0.1600000000000108,0.04000000000000625,-0.33616802,False,False,False,False,False,none
31,7,65,67, ,|,73.16325,73.26325,73.22325000000001,0.09999999999999432,0.060000000000002274,-0.045973077,False,True,False,False,False,fatha
31,7,66,68,ل,ل,73.26325,73.28325,73.28325,0.01999999999999602,0.01999999999999602,-1.537788e-05,False,True,False,False,False,fatha
31,7,67,69,ّ,ّ,73.28325,73.34325,73.30325,0.060000000000002274,0.020000000000010232,-11.044139,False,False,False,False,False,fatha
31,7,68,70,َ,َ,73.34325,73.46325,73.36325,0.12000000000000455,0.01999999999999602,-0.02233645,False,False,False,False,True,sukun
31,7,69,71,م,م,73.46325,73.56325,73.48325,0.09999999999999432,0.01999999999999602,-7.7117515,False,False,False,False,True,sukun
31,7,70,72,ْ,ْ,73.56325,73.60325,73.58325,0.04000000000000625,0.020000000000010232,-7.727005,False,False,False,False,False,fatha
31,7,71,73, ,|,73.60325,73.70325,73.66325,0.09999999999999432,0.060000000000002274,-0.011400637,False,False,False,False,False,fatha
31,7,72,74,ي,ي,73.70325,73.76325,73.72325000000001,0.060000000000002274,0.020000000000010232,-5.6028207e-06,False,False,False,False,False,fatha
31,7,73,75,َ,َ,73.76325,73.94325,73.78325,0.18000000000000682,0.01999999999999602,-0.00033933128,False,False,False,False,True,sukun
31,7,74,76,س,س,73.94325,74.02325,73.96325,0.0799999999999983,0.01999999999999602,-0.00026794657,False,False,False,False,True,sukun
31,7,75,77,ْ,ْ,74.02325,74.12325,74.04325,0.09999999999999432,0.01999999999999602,-3.7961571,False,False,False,False,False,fatha
31,7,76,78,م,م,74.12325,74.20325,74.14325,0.0799999999999983,0.01999999999999602,-1.5258673e-05,False,False,False,False,False,fatha
31,7,77,79,َ,َ,74.20325,74.34325,74.22325000000001,0.14000000000000057,0.020000000000010232,-0.022986617,False,False,False,False,True,sukun
31,7,78,80,ع,ع,74.34325,74.44325,74.36325,0.10000000000000853,0.01999999999999602,-0.00014101465,False,False,False,False,True,sukun
31,7,79,81,ْ,ْ,74.44325,74.56325,74.46325,0.11999999999999034,0.01999999999999602,-0.0026496085,False,False,False,False,False,fatha
31,7,80,82,ه,ه,74.56325,74.62325,74.58325,0.060000000000002274,0.020000000000010232,-8.70224e-06,False,False,False,False,False,fatha
31,7,81,83,َ,َ,74.62325,74.70325,74.64325,0.0799999999999983,0.01999999999999602,-0.19446434,False,False,False,False,False,none
31,7,82,84,ا,ا,74.70325,74.90325,74.72325000000001,0.20000000000000284,0.020000000000010232,-0.0032336824,False,False,False,False,False,fatha
31,7,83,85, ,|,74.90325,75.06325,74.92325,0.1599999999999966,0.01999999999999602,-0.56914556,False,False,False,False,False,fatha
31,7,84,86,ك,ك,75.06325,75.10325,75.08325,0.04000000000000625,0.020000000000010232,-9.691246e-05,False,False,False,False,False,fatha
31,7,85,87,َ,َ,75.10325,75.28325,75.14325,0.1799999999999926,0.03999999999999204,-0.08834227,False,False,False,False,False,fatha
31,7,86,88,أ,أ,75.28325,75.32325,75.30325,0.04000000000000625,0.020000000000010232,-2.4437606e-05,False,False,False,False,False,fatha
31,7,87,89,َ,َ,75.32325,76.18325,75.36325,0.8599999999999994,0.03999999999999204,-0.17366846,False,True,False,False,False,fatha
31,7,88,90,ن,ن,76.18325,76.22325000000001,76.20325,0.04000000000000625,0.01999999999999602,-1.4305013e-05,False,True,False,False,False,fatha
31,7,89,91,ّ,ّ,76.22325000000001,76.26325,76.26325,0.03999999999999204,0.03999999999999204,-0.1346608,False,False,False,False,False,fatha
31,7,90,92,َ,َ,76.26325,76.32325,76.28325,0.060000000000002274,0.01999999999999602,-0.0006841465,False,False,False,False,False,kasra
31,7,91,93, ,|,76.32325,76.44325,76.34325,0.12000000000000455,0.01999999999999602,-0.15242508,False,False,False,True,False,kasra
31,7,92,94,ف,ف,76.44325,76.50325000000001,76.46325,0.060000000000002274,0.01999999999999602,-0.08579695,False,False,False,True,False,kasra
31,7,93,95,ِ,ِ,76.50325000000001,76.52325,76.52325,0.01999999999999602,0.01999999999999602,-0.058167182,False,False,False,True,False,none
31,7,94,96,ى,ى,76.52325,77.86325,76.54325,1.3399999999999892,0.01999999999999602,-9.410854,False,False,False,True,False,none
31,7,95,97,ٓ,ا,77.86325,77.88325,77.88325,0.020000000000010232,0.020000000000010232,-8.527167,False,False,False,False,False,damma
31,7,96,98, ,|,77.88325,77.96325,77.90325,0.0799999999999983,0.01999999999999602,-0.2822842,False,False,False,False,False,damma
31,7,97,99,أ,أ,77.96325,78.00325000000001,77.98325,0.04000000000000625,0.01999999999999602,-3.4046094,False,False,False,False,False,damma
31,7,98,100,ُ,ُ,78.00325000000001,78.16325,78.04325,0.1599999999999966,0.03999999999999204,-0.114323355,False,False,False,False,False,damma
31,7,99,101,ذ,ذ,78.16325,78.22325000000001,78.18325,0.060000000000002274,0.01999999999999602,-0.017351259,False,False,False,False,False,damma
31,7,100,102,ُ,ُ,78.22325000000001,78.40325,78.26325,0.1799999999999926,0.03999999999999204,-0.006005178,False,False,False,False,False,fatha
31,7,101,103,ن,ن,78.40325,78.48325,78.44325,0.0799999999999983,0.04000000000000625,-0.034250326,False,False,False,False,False,fatha
31,7,102,104,َ,َ,78.48325,78.62325,78.50325000000001,0.14000000000000057,0.020000000000010232,-0.0018622214,False,False,False,False,True,sukun
31,7,103,105,ي,ي,78.62325,78.68325,78.64325,0.060000000000002274,0.01999999999999602,-0.007242496,False,False,False,False,True,sukun
31,7,104,106,ْ,ْ,78.68325,78.84325,78.70325,0.1599999999999966,0.01999999999999602,-4.0271406,False,False,False,False,False,kasra
31,7,105,107,ه,ه,78.84325,78.92325,78.86325,0.0799999999999983,0.01999999999999602,-0.0022465962,False,False,False,False,False,kasra
31,7,106,108,ِ,ِ,78.92325,79.00325000000001,78.94325,0.0800000000000125,0.020000000000010232,-0.015660401,False,False,False,False,False,fatha
31,7,107,109, ,|,79.00325000000001,79.12325,79.06325,0.11999999999999034,0.05999999999998806,-0.05497259,False,False,False,False,False,fatha
31,7,108,110,و,و,79.12325,79.18325,79.14325,0.060000000000002274,0.01999999999999602,-4.6848152e-05,False,False,False,False,False,fatha
31,7,109,111,َ,َ,79.18325,79.38325,79.22325000000001,0.20000000000000284,0.04000000000000625,-0.066485584,False,False,False,False,True,sukun
31,7,110,112,ق,ق,79.38325,79.44325,79.40325,0.060000000000002274,0.01999999999999602,-7.184283,True,False,False,False,True,sukun
31,7,111,113,ْ,ْ,79.44325,79.58325,79.46325,0.14000000000000057,0.01999999999999602,-0.13031326,False,False,False,False,False,tanween
31,7,112,114,ر,ر,79.58325,79.66325,79.60325,0.0799999999999983,0.01999999999999602,-0.0027636213,False,False,False,False,False,tanween
31,7,113,115,ً,ً,79.66325,79.70325,79.68325,0.03999999999999204,0.01999999999999602,-5.322109,False,False,False,False,False,none
31,7,114,117,ا,ا,79.70325,80.78325,79.72325000000001,1.0799999999999983,0.020000000000010232,-3.264055,False,False,False,False,False,none
31,7,115,118, ,|,80.78325,80.92325,80.84325,0.14000000000000057,0.060000000000002274,-0.10127091,False,False,False,False,False,none
31,7,116,121,ف,ف,80.92325,80.96325,80.94325,0.04000000000000625,0.020000000000010232,-0.00041857542,False,False,False,False,False,fatha
31,7,117,122,َ,َ,80.96325,81.10325,81.00325000000001,0.14000000000000057,0.04000000000000625,-0.016023725,False,False,False,False,False,fatha
31,7,118,123,ب,ب,81.10325,81.16325,81.12325,0.060000000000002274,0.01999999999999602,-0.00033349197,False,False,False,False,False,fatha
31,7,119,124,َ,َ,81.16325,81.48325,81.18325,0.3199999999999932,0.01999999999999602,-0.0089054555,False,True,False,False,False,kasra
31,7,120,125,ش,ش,81.48325,81.52325,81.50325000000001,0.04000000000000625,0.020000000000010232,-3.635817e-05,False,True,False,False,False,kasra
31,7,121,126,ّ,ّ,81.52325,81.58325,81.58325,0.060000000000002274,0.060000000000002274,-0.0136801,False,False,False,False,False,kasra
31,7,122,127,ِ,ِ,81.58325,81.74325,81.60325,0.1599999999999966,0.01999999999999602,-3.0517112e-05,False,False,False,False,True,sukun
31,7,123,128,ر,ر,81.74325,81.78325,81.76325,0.03999999999999204,0.01999999999999602,-1.321816,False,False,False,False,True,sukun
31,7,124,129,ْ,ْ,81.78325,81.90325,81.80325,0.12000000000000455,0.020000000000010232,-0.5200559,False,False,False,False,False,damma
31,7,125,130,ه,ه,81.90325,81.96325,81.92325,0.060000000000002274,0.01999999999999602,-0.024022583,False,False,False,False,False,damma
31,7,126,131,ُ,ُ,81.96325,82.04325,82.00325000000001,0.0799999999999983,0.04000000000000625,-0.2619493,False,False,False,False,False,kasra
31,7,127,132, ,|,82.04325,82.12325,82.08325,0.0799999999999983,0.04000000000000625,-0.024009362,False,False,False,False,False,kasra
31,7,128,133,ب,ب,82.12325,82.18325,82.14325,0.060000000000002274,0.01999999999999602,-0.0007746795,False,False,False,False,False,kasra
31,7,129,134,ِ,ِ,82.18325,82.34325,82.22325000000001,0.1599999999999966,0.04000000000000625,-0.024956554,False,False,False,False,False,fatha
31,7,130,135,ع,ع,82.34325,82.38325,82.36325,0.04000000000000625,0.01999999999999602,-4.07467,False,False,False,False,False,fatha
31,7,131,136,َ,َ,82.38325,82.60325,82.40325,0.21999999999999886,0.01999999999999602,-2.5364208,False,False,False,False,False,fatha
31,7,132,137,ذ,ذ,82.60325,82.68325,82.62325,0.0799999999999983,0.01999999999999602,-1.0137118,False,False,False,False,False,fatha
31,7,133,138,َ,َ,82.68325,82.76325,82.70325,0.0799999999999983,0.01999999999999602,-0.06376748,False,False,False,False,False,tanween
31,7,134,139,ا,ا,82.76325,83.04325,82.78325,0.28000000000000114,0.01999999999999602,-0.0010920758,False,False,False,False,False,tanween
31,7,135,140,ب,ب,83.04325,83.10325,83.06325,0.060000000000002274,0.01999999999999602,-0.1941685,False,False,False,False,False,tanween
31,7,136,141,ٍ,ٍ,83.10325,83.40325,83.12325,0.29999999999999716,0.01999999999999602,-0.02166288,False,False,False,False,False,fatha
31,7,137,142, ,|,83.40325,83.52325,83.44325,0.12000000000000455,0.04000000000000625,-0.0007861632,False,False,False,False,False,fatha
31,7,138,143,أ,أ,83.52325,83.58324999999999,83.54325,0.05999999999998806,0.01999999999999602,-0.00013040646,False,False,False,False,False,fatha
31,7,139,144,َ,َ,83.58324999999999,83.76325,83.62325,0.18000000000000682,0.04000000000000625,-0.0037223077,False,False,False,False,False,kasra
31,7,140,145,ل,ل,83.76325,83.80325,83.78325000000001,0.04000000000000625,0.020000000000010232,-1.3589766e-05,False,False,False,False,False,kasra
31,7,141,146,ِ,ِ,83.80325,83.90325,83.82325,0.09999999999999432,0.01999999999999602,-2.0652826,False,False,False,False,False,tanween
31,7,142,147,ي,ي,83.90325,84.32325,83.92325,0.4200000000000017,0.01999999999999602,-0.00022909402,False,False,False,False,False,tanween
31,7,143,148,م,م,84.32325,84.34325,84.34325,0.01999999999999602,0.01999999999999602,-0.1283243,False,False,False,False,False,tanween
31,7,144,149,ٍ,ٍ,84.34325,86.36325,84.36325,2.019999999999996,0.01999999999999602,-0.44526684,False,False,False,False,False,none
31,8,0,0,إ,إ,86.920375,86.940375,86.940375,0.01999999999999602,0.01999999999999602,-19.937521,False,False,False,False,False,kasra
31,8,1,1,ِ,ِ,86.940375,86.96037500000001,86.96037500000001,0.020000000000010232,0.020000000000010232,-16.409203,False,True,False,False,False,fatha
31,8,2,2,ن,ن,86.96037500000001,86.98037500000001,86.98037500000001,0.01999999999999602,0.01999999999999602,-16.125307,False,True,False,False,False,fatha
31,8,3,3,ّ,ّ,86.98037500000001,87.000375,87.000375,0.01999999999999602,0.01999999999999602,-0.00036733557,False,False,False,False,False,fatha
31,8,4,4,َ,َ,87.000375,87.020375,87.020375,0.01999999999999602,0.01999999999999602,-1.3830221,False,False,False,False,False,none
31,8,5,5, ,|,87.020375,87.04037500000001,87.04037500000001,0.020000000000010232,0.020000000000010232,-15.691454,False,False,False,False,False,none
31,8,6,6,ٱ,ا,87.04037500000001,87.06037500000001,87.06037500000001,0.01999999999999602,0.01999999999999602,-13.403048,False,True,False,False,False,fatha
31,8,7,7,ل,ل,87.06037500000001,87.080375,87.080375,0.01999999999999602,0.01999999999999602,-18.876953,False,True,False,False,False,fatha
31,8,8,8,ّ,ّ,87.080375,87.10037500000001,87.10037500000001,0.020000000000010232,0.020000000000010232,-19.439453,False,False,False,False,False,fatha
31,8,9,9,َ,َ,87.10037500000001,87.160375,87.12037500000001,0.05999999999998806,0.01999999999999602,-18.908203,False,False,False,False,False,kasra
31,8,10,10,ذ,ذ,87.160375,87.220375,87.18037500000001,0.060000000000002274,0.020000000000010232,-0.00029917056,False,False,False,False,False,kasra
31,8,11,11,ِ,ِ,87.220375,87.32037500000001,87.26037500000001,0.10000000000000853,0.04000000000000625,-0.0024107248,False,False,False,False,False,fatha
31,8,12,12,ي,ي,87.32037500000001,87.580375,87.34037500000001,0.2599999999999909,0.01999999999999602,-0.00020084748,False,False,False,False,False,fatha
31,8,13,13,ن,ن,87.580375,87.62037500000001,87.60037500000001,0.04000000000000625,0.020000000000010232,-0.00085639034,False,False,False,False,False,fatha
31,8,14,14,َ,َ,87.62037500000001,87.70037500000001,87.660375,0.0799999999999983,0.03999999999999204,-0.08854216,False,False,False,False,False,fatha
31,8,15,15, ,|,87.70037500000001,87.800375,87.76037500000001,0.09999999999999432,0.060000000000002274,-0.016220132,False,False,False,False,False,fatha
31,8,16,16,ء,ء,87.800375,87.880375,87.82037500000001,0.0799999999999983,0.020000000000010232,-16.25929,False,False,False,False,False,fatha
31,8,17,17,َ,َ,87.880375,88.18037500000001,87.90037500000001,0.30000000000001137,0.020000000000010232,-15.427124,False,False,False,False,False,fatha
31,8,18,18,ا,ا,88.18037500000001,88.20037500000001,88.20037500000001,0.01999999999999602,0.01999999999999602,-14.590527,False,False,False,False,False,fatha
31,8,19,19,م,م,88.20037500000001,88.26037500000001,88.220375,0.060000000000002274,0.01999999999999602,-0.00066758756,False,False,False,False,False,fatha
31,8,20,20,َ,َ,88.26037500000001,88.40037500000001,88.280375,0.14000000000000057,0.01999999999999602,-0.00037579628,False,False,False,False,False,damma
31,8,21,21,ن,ن,88.40037500000001,88.46037500000001,88.420375,0.060000000000002274,0.01999999999999602,-4.6491514e-06,False,False,False,False,False,damma
31,8,22,22,ُ,ُ,88.46037500000001,88.54037500000001,88.500375,0.0799999999999983,0.03999999999999204,-0.0003424273,False,False,False,False,False,none
31,8,23,23,و,و,88.54037500000001,88.580375,88.580375,0.03999999999999204,0.03999999999999204,-0.010044848,False,False,False,False,False,none
31,8,24,24,ا,ا,88.580375,88.70037500000001,88.60037500000001,0.12000000000000455,0.020000000000010232,-0.0038417596,False,False,False,False,False,none
31,8,25,26, ,|,88.70037500000001,88.82037500000001,88.740375,0.12000000000000455,0.03999999999999204,-0.15644312,False,False,False,False,False,fatha
31,8,26,27,و,و,88.82037500000001,88.880375,88.84037500000001,0.05999999999998806,0.01999999999999602,-0.00737279,False,False,False,False,False,fatha
31,8,27,28,َ,َ,88.880375,89.04037500000001,88.920375,0.1600000000000108,0.04000000000000625,-0.2114826,False,False,False,False,False,fatha
31,8,28,29,ع,ع,89.04037500000001,89.10037500000001,89.06037500000001,0.060000000000002274,0.01999999999999602,-0.65087664,False,False,False,False,False,fatha
31,8,29,30,َ,َ,89.10037500000001,89.280375,89.12037500000001,0.1799999999999926,0.01999999999999602,-4.377408,False,False,False,False,False,kasra
31,8,30,31,م,م,89.280375,89.360375,89.300375,0.0799999999999983,0.01999999999999602,-0.00073739514,False,False,False,False,False,kasra
31,8,31,32,ِ,ِ,89.360375,89.48037500000001,89.380375,0.12000000000000455,0.01999999999999602,-0.00014423284,False,False,False,False,False,damma
31,8,32,33,ل,ل,89.48037500000001,89.520375,89.500375,0.03999999999999204,0.01999999999999602,-0.31364712,False,False,False,False,False,damma
31,8,33,34,ُ,ُ,89.520375,89.54037500000001,89.54037500000001,0.020000000000010232,0.020000000000010232,-4.3033626e-05,False,False,False,False,False,none
31,8,34,35,و,و,89.54037500000001,89.580375,89.580375,0.03999999999999204,0.03999999999999204,-0.023804016,False,False,False,False,False,none
31,8,35,36,ا,ا,89.580375,89.62037500000001,89.62037500000001,0.04000000000000625,0.04000000000000625,-0.12701873,False,False,False,False,False,none
31,8,36,38, ,|,89.62037500000001,89.660375,89.660375,0.03999999999999204,0.03999999999999204,-0.0008789975,False,False,False,False,False,none
31,8,37,39,ٱ,ا,89.660375,89.70037500000001,89.70037500000001,0.04000000000000625,0.04000000000000625,-0.013665952,False,False,False,False,False,none
31,8,38,40,ل,ل,89.70037500000001,89.920375,89.740375,0.21999999999999886,0.03999999999999204,-0.00070972746,False,True,False,False,False,fatha
31,8,39,41,ص,ص,89.920375,89.98037500000001,89.940375,0.060000000000002274,0.01999999999999602,-4.7920985e-05,True,True,True,False,False,fatha
31,8,40,42,ّ,ّ,89.98037500000001,90.020375,90.020375,0.03999999999999204,0.03999999999999204,-0.08536704,False,False,True,False,False,fatha
31,8,41,43,َ,َ,90.020375,90.10037500000001,90.06037500000001,0.0800000000000125,0.04000000000000625,-0.017709741,False,False,True,False,False,none
31,8,42,45,ٰ,ا,90.10037500000001,90.34037500000001,90.12037500000001,0.23999999999999488,0.01999999999999602,-2.5033638e-05,False,False,False,False,False,kasra
31,8,43,46,ل,ل,90.34037500000001,90.380375,90.360375,0.03999999999999204,0.01999999999999602,-0.0012388896,False,False,False,False,False,kasra
31,8,44,47,ِ,ِ,90.380375,90.580375,90.420375,0.20000000000000284,0.04000000000000625,-0.008384262,False,False,True,False,False,fatha
31,8,45,48,ح,ح,90.580375,90.640375,90.60037500000001,0.060000000000002274,0.020000000000010232,-8.165503e-05,False,False,True,False,False,fatha
31,8,46,49,َ,َ,90.640375,90.720375,90.68037500000001,0.0799999999999983,0.04000000000000625,-0.008065575,False,False,True,False,False,none
31,8,47,51,ٰ,ا,90.720375,91.04037500000001,90.740375,0.3200000000000074,0.01999999999999602,-2.8967437e-05,False,False,False,False,False,kasra
31,8,48,52,ت,ت,91.04037500000001,91.10037500000001,91.06037500000001,0.060000000000002274,0.01999999999999602,-0.00089879165,False,False,False,False,False,kasra
31,8,49,53,ِ,ِ,91.10037500000001,91.140375,91.12037500000001,0.03999999999999204,0.01999999999999602,-4.0768748e-05,False,False,False,False,False,fatha
31,8,50,54, ,|,91.140375,91.26037500000001,91.20037500000001,0.12000000000000455,0.060000000000002274,-0.003937777,False,False,False,False,False,fatha
31,8,51,55,ل,ل,91.26037500000001,91.32037500000001,91.280375,0.060000000000002274,0.01999999999999602,-1.180165e-05,False,False,False,False,False,fatha
31,8,52,56,َ,َ,91.32037500000001,91.48037500000001,91.360375,0.1599999999999966,0.03999999999999204,-0.00061371236,False,False,False,False,False,damma
31,8,53,57,ه,ه,91.48037500000001,91.54037500000001,91.500375,0.060000000000002274,0.01999999999999602,-1.7762026e-05,False,False,False,False,False,damma
31,8,54,58,ُ,ُ,91.54037500000001,91.70037500000001,91.580375,0.1599999999999966,0.03999999999999204,-0.024268921,False,False,False,False,True,sukun
31,8,55,59,م,م,91.70037500000001,91.800375,91.720375,0.09999999999999432,0.01999999999999602,-0.0004232226,False,False,False,False,True,sukun
31,8,56,60,ْ,ْ,91.800375,91.84037500000001,91.82037500000001,0.04000000000000625,0.020000000000010232,-0.000938571,False,False,False,False,False,fatha
31,8,57,61, ,|,91.84037500000001,91.96037500000001,91.90037500000001,0.12000000000000455,0.060000000000002274,-0.00013182944,False,False,False,False,False,fatha
31,8,58,62,ج,ج,91.96037500000001,92.04037500000001,91.98037500000001,0.0799999999999983,0.01999999999999602,-4.482169e-05,False,False,False,False,False,fatha
31,8,59,63,َ,َ,92.04037500000001,92.740375,92.06037500000001,0.6999999999999886,0.01999999999999602,-1.41858045e-05,False,True,False,False,False,fatha
31,8,60,64,ن,ن,92.740375,92.780375,92.76037500000001,0.04000000000000625,0.020000000000010232,-3.826545e-05,False,True,True,False,False,fatha
31,8,61,65,ّ,ّ,92.780375,92.84037500000001,92.84037500000001,0.060000000000002274,0.060000000000002274,-0.1984738,False,False,True,False,False,fatha
31,8,62,66,َ,َ,92.84037500000001,92.920375,92.880375,0.0799999999999983,0.03999999999999204,-0.2370689,False,False,True,False,False,none
31,8,63,68,ٰ,ا,92.920375,93.220375,92.940375,0.29999999999999716,0.01999999999999602,-0.6591944,False,False,False,False,False,damma
31,8,64,69,ت,ت,93.220375,93.280375,93.240375,0.060000000000002274,0.01999999999999602,-0.17740346,False,False,False,False,False,damma
31,8,65,70,ُ,ُ,93.280375,93.360375,93.300375,0.0799999999999983,0.01999999999999602,-6.544376e-05,False,False,False,False,False,none
31,8,66,71, ,|,93.360375,93.420375,93.420375,0.060000000000002274,0.060000000000002274,-0.0060413196,False,False,False,False,False,none
31,8,67,72,ٱ,ا,93.420375,93.48037500000001,93.440375,0.060000000000002274,0.01999999999999602,-0.016937602,False,False,False,False,False,none
31,8,68,73,ل,ل,93.48037500000001,94.080375,93.520375,0.5999999999999943,0.03999999999999204,-0.020772895,False,True,False,False,False,fatha
31,8,69,74,ن,ن,94.080375,94.12037500000001,94.12037500000001,0.04000000000000625,0.04000000000000625,-0.04866469,False,True,False,False,False,fatha
31,8,70,75,ّ,ّ,94.12037500000001,94.18037500000001,94.18037500000001,0.060000000000002274,0.060000000000002274,-0.15309623,False,False,False,False,False,fatha
31,8,71,76,َ,َ,94.18037500000001,96.20037500000001,94.20037500000001,2.019999999999996,0.01999999999999602,-0.00032967856,False,False,False,False,False,kasra
31,8,72,77,ع,ع,96.62037500000001,96.920375,96.640375,0.29999999999999716,0.01999999999999602,-13.470747,False,False,False,False,False,kasra
31,8,73,78,ِ,ِ,96.920375,97.000375,96.940375,0.0799999999999983,0.01999999999999602,-0.00090974895,False,False,False,False,False,kasra
31,8,74,79,ي,ي,97.000375,97.48037500000001,97.020375,0.480000000000004,0.01999999999999602,-0.00027462048,False,False,False,False,False,kasra
31,8,75,80,م,م,97.48037500000001,97.54037500000001,97.500375,0.060000000000002274,0.01999999999999602,-8.591874,False,False,False,False,False,kasra
31,8,76,81,ِ,ِ,97.54037500000001,97.5913125,97.56037500000001,0.0509374999999892,0.01999999999999602,-0.9693824,False,False,False,False,False,none
31,9,0,0,خ,خ,97.3913125,97.4113125,97.4113125,0.01999999999999602,0.01999999999999602,-13.092607,False,False,True,False,False,fatha
31,9,1,1,َ,َ,97.4113125,97.4313125,97.4313125,0.020000000000010232,0.020000000000010232,-15.367229,False,False,True,False,False,none
31,9,2,3,ٰ,ا,97.4313125,97.5113125,97.4513125,0.0799999999999983,0.01999999999999602,-18.029297,False,False,False,False,False,kasra
31,9,3,4,ل,ل,97.5113125,97.5313125,97.5313125,0.01999999999999602,0.01999999999999602,-14.944052,False,False,False,False,False,kasra
31,9,4,5,ِ,ِ,97.5313125,97.5513125,97.5513125,0.01999999999999602,0.01999999999999602,-14.769288,False,False,False,False,False,kasra
31,9,5,6,د,د,97.5513125,97.5713125,97.5713125,0.020000000000010232,0.020000000000010232,-16.337751,False,False,False,False,False,kasra
31,9,6,7,ِ,ِ,97.5713125,97.6513125,97.5913125,0.0799999999999983,0.01999999999999602,-0.040021237,False,False,False,False,False,fatha
31,9,7,8,ي,ي,97.6513125,97.6713125,97.6713125,0.01999999999999602,0.01999999999999602,-0.00023135847,False,False,False,False,False,fatha
31,9,8,9,ن,ن,97.6713125,97.71131249999999,97.6913125,0.03999999999999204,0.01999999999999602,-12.574512,False,False,False,False,False,fatha
31,9,9,10,َ,َ,97.71131249999999,97.8113125,97.7313125,0.10000000000000853,0.020000000000010232,-16.79419,False,False,False,False,False,kasra
31,9,10,11, ,|,97.8113125,97.8313125,97.8313125,0.01999999999999602,0.01999999999999602,-13.882813,False,False,False,False,False,kasra
31,9,11,12,ف,ف,97.8313125,97.85131249999999,97.85131249999999,0.01999999999999602,0.01999999999999602,-21.054691,False,False,False,False,False,kasra
31,9,12,13,ِ,ِ,97.85131249999999,97.8713125,97.8713125,0.020000000000010232,0.020000000000010232,-19.355469,False,False,False,False,False,fatha
31,9,13,14,ي,ي,97.8713125,97.8913125,97.8913125,0.01999999999999602,0.01999999999999602,-17.293032,False,False,False,False,False,fatha
31,9,14,15,ه,ه,97.8913125,97.9313125,97.9113125,0.04000000000000625,0.01999999999999602,-0.00036316476,False,False,False,False,False,fatha
31,9,15,16,َ,َ,97.9313125,97.99131249999999,97.9513125,0.05999999999998806,0.01999999999999602,-8.625185,False,False,False,False,False,none
31,9,16,17,ا,ا,97.99131249999999,98.21131249999999,98.0313125,0.21999999999999886,0.04000000000000625,-0.11142013,False,False,False,False,False,none
31,9,17,18, ,|,98.21131249999999,98.3113125,98.2513125,0.10000000000000853,0.04000000000000625,-0.021269716,False,False,False,False,False,none
31,9,18,21,و,و,98.3113125,98.3713125,98.3313125,0.060000000000002274,0.01999999999999602,-0.0016544476,False,False,False,False,False,fatha
31,9,19,22,َ,َ,98.3713125,98.5913125,98.3913125,0.21999999999999886,0.01999999999999602,-0.062056463,False,False,False,False,True,sukun
31,9,20,23,ع,ع,98.5913125,98.6513125,98.6113125,0.060000000000002274,0.01999999999999602,-0.003337292,False,False,False,False,True,sukun
31,9,21,24,ْ,ْ,98.6513125,98.7713125,98.6713125,0.11999999999999034,0.01999999999999602,-0.15622795,False,False,False,False,False,fatha
31,9,22,25,د,د,98.7713125,98.85131249999999,98.7913125,0.0799999999999983,0.020000000000010232,-0.00032896354,False,False,False,False,False,fatha
31,9,23,26,َ,َ,98.85131249999999,98.9313125,98.8713125,0.0800000000000125,0.020000000000010232,-0.022674464,False,False,False,False,False,none
31,9,24,27, ,|,98.9313125,99.0113125,98.99131249999999,0.0799999999999983,0.05999999999998806,-0.021348454,False,False,False,False,False,none
31,9,25,28,ٱ,ا,99.0113125,99.0313125,99.0313125,0.01999999999999602,0.01999999999999602,-0.9791217,False,False,False,False,False,none
31,9,26,29,ل,ل,99.0313125,99.2313125,99.1113125,0.20000000000000284,0.0799999999999983,-0.16367233,False,True,False,False,False,fatha
31,9,27,30,ل,ل,99.2313125,99.2713125,99.2513125,0.03999999999999204,0.01999999999999602,-0.000523311,False,True,False,False,False,fatha
31,9,28,31,ّ,ّ,99.2713125,99.3113125,99.3113125,0.04000000000000625,0.04000000000000625,-0.042248335,False,False,False,False,False,fatha
31,9,29,32,َ,َ,99.3113125,99.5913125,99.35131249999999,0.28000000000000114,0.03999999999999204,-0.056601796,False,False,False,False,False,kasra
31,9,30,33,ه,ه,99.5913125,99.6513125,99.6113125,0.060000000000002274,0.01999999999999602,-2.0742202e-05,False,False,False,False,False,kasra
31,9,31,34,ِ,ِ,99.6513125,99.7313125,99.6913125,0.0799999999999983,0.03999999999999204,-0.055949565,False,False,False,False,False,fatha
31,9,32,35, ,|,99.7313125,99.8713125,99.7713125,0.14000000000000057,0.03999999999999204,-5.113846e-05,False,False,False,False,False,fatha
31,9,33,36,ح,ح,99.8713125,99.9513125,99.9113125,0.0799999999999983,0.03999999999999204,-0.0020233898,False,False,False,False,False,fatha
31,9,34,37,َ,َ,99.9513125,100.3713125,99.9713125,0.4200000000000017,0.01999999999999602,-0.00015519845,False,True,False,False,False,tanween
31,9,35,38,ق,ق,100.3713125,100.4113125,100.3913125,0.03999999999999204,0.01999999999999602,-0.00075502496,True,True,False,False,False,tanween
31,9,36,39,ّ,ّ,100.4113125,100.4513125,100.4513125,0.04000000000000625,0.04000000000000625,-0.026466254,False,False,False,False,False,tanween
31,9,37,40,ً,ً,100.4513125,100.49131249999999,100.4713125,0.03999999999999204,0.01999999999999602,-0.019153174,False,False,False,False,False,none
31,9,38,42,ا,ا,100.49131249999999,101.35131249999999,100.5113125,0.8599999999999994,0.020000000000010232,-0.0069465796,False,False,False,False,False,none
31,9,39,43, ,|,101.35131249999999,101.4513125,101.4313125,0.10000000000000853,0.0800000000000125,-0.025986474,False,False,False,False,False,none
31,9,40,46,و,و,101.4513125,101.5113125,101.4713125,0.060000000000002274,0.01999999999999602,-0.0005832401,False,False,False,False,False,fatha
31,9,41,47,َ,َ,101.5113125,101.6513125,101.5313125,0.14000000000000057,0.01999999999999602,-0.01373401,False,False,False,False,False,damma
31,9,42,48,ه,ه,101.6513125,101.7313125,101.6713125,0.0799999999999983,0.01999999999999602,-2.7894584e-05,False,False,False,False,False,damma
31,9,43,49,ُ,ُ,101.7313125,101.85131249999999,101.7513125,0.11999999999999034,0.01999999999999602,-0.00033408782,False,False,False,False,False,fatha
31,9,44,50,و,و,101.85131249999999,101.9113125,101.8713125,0.060000000000002274,0.020000000000010232,-4.5299425e-06,False,False,False,False,False,fatha
31,9,45,51,َ,َ,101.9113125,101.9713125,101.9513125,0.060000000000002274,0.04000000000000625,-0.031787872,False,False,False,False,False,none
31,9,46,52, ,|,101.9713125,102.0313125,102.0113125,0.060000000000002274,0.04000000000000625,-0.008043317,False,False,False,False,False,sukun
31,9,47,53,ٱ,ا,102.0313125,102.13131249999999,102.0513125,0.09999999999999432,0.01999999999999602,-1.6759834,False,False,False,False,True,sukun
31,9,48,54,ل,ل,102.13131249999999,102.1913125,102.1713125,0.060000000000002274,0.04000000000000625,-0.052080613,False,False,False,False,True,sukun
31,9,49,55,ْ,ْ,102.1913125,102.2713125,102.21131249999999,0.0799999999999983,0.01999999999999602,-2.6513698,False,False,False,False,False,fatha
31,9,50,56,ع,ع,102.2713125,102.3113125,102.2913125,0.04000000000000625,0.020000000000010232,-2.8590286,False,False,False,False,False,fatha
31,9,51,57,َ,َ,102.3113125,102.49131249999999,102.3313125,0.1799999999999926,0.01999999999999602,-4.298506,False,False,False,False,False,kasra
31,9,52,58,ز,ز,102.49131249999999,102.5713125,102.5113125,0.0800000000000125,0.020000000000010232,-7.4026226e-05,False,False,False,False,False,kasra
31,9,53,59,ِ,ِ,102.5713125,102.6713125,102.6113125,0.09999999999999432,0.03999999999999204,-0.22794421,False,False,False,False,False,damma
31,9,54,60,ي,ي,102.6713125,102.9313125,102.6913125,0.2600000000000051,0.01999999999999602,-3.981511e-05,False,False,False,False,False,damma
31,9,55,61,ز,ز,102.9313125,103.0113125,102.9513125,0.0799999999999983,0.01999999999999602,-0.0001351742,False,False,False,False,False,damma
31,9,56,62,ُ,ُ,103.0113125,103.0913125,103.0513125,0.0799999999999983,0.03999999999999204,-0.24379802,False,False,False,False,False,none
31,9,57,63, ,|,103.0913125,103.13131249999999,103.13131249999999,0.03999999999999204,0.03999999999999204,-0.006457633,False,False,False,False,False,sukun
31,9,58,64,ٱ,ا,103.13131249999999,103.21131249999999,103.1513125,0.0799999999999983,0.020000000000010232,-2.0927522,False,False,False,False,True,sukun
31,9,59,65,ل,ل,103.21131249999999,103.2713125,103.2513125,0.060000000000002274,0.04000000000000625,-0.06931282,False,False,False,False,True,sukun
31,9,60,66,ْ,ْ,103.2713125,103.3913125,103.2913125,0.12000000000000455,0.020000000000010232,-2.8120067,False,False,False,False,False,fatha
31,9,61,67,ح,ح,103.3913125,103.4513125,103.4113125,0.060000000000002274,0.01999999999999602,-9.500529e-05,False,False,False,False,False,fatha
31,9,62,68,َ,َ,103.4513125,103.6513125,103.4713125,0.20000000000000284,0.01999999999999602,-0.00040165463,False,False,False,False,False,kasra
31,9,63,69,ك,ك,103.6513125,103.71131249999999,103.6713125,0.05999999999998806,0.01999999999999602,-1.5980425,False,False,False,False,False,kasra
31,9,64,70,ِ,ِ,103.71131249999999,105.6113125,103.7313125,1.9000000000000057,0.020000000000010232,-0.16616115,False,False,False,False,False,damma
31,9,65,71,ي,ي,105.6113125,106.2513125,105.63131249999999,0.6400000000000006,0.01999999999999602,-13.387369,False,False,False,False,False,damma
31,9,66,72,م,م,106.2513125,107.13131249999999,106.2713125,0.8799999999999955,0.01999999999999602,-5.2569914e-05,False,False,False,False,False,damma
31,9,67,73,ُ,ُ,107.13131249999999,107.1575625,107.1513125,0.026250000000004547,0.020000000000010232,-14.417196,False,False,False,False,False,none
31,10,0,0,خ,خ,106.9575625,106.97756249999999,106.97756249999999,0.01999999999999602,0.01999999999999602,-11.169509,False,False,False,False,False,fatha
31,10,1,1,َ,َ,106.97756249999999,106.9975625,106.9975625,0.020000000000010232,0.020000000000010232,-8.227528,False,False,False,False,False,fatha
31,10,2,2,ل,ل,106.9975625,107.11756249999999,107.0175625,0.11999999999999034,0.01999999999999602,-15.5605545,False,False,False,False,False,fatha
31,10,3,3,َ,َ,107.11756249999999,107.1375625,107.1375625,0.020000000000010232,0.020000000000010232,-17.322266,False,False,False,False,False,fatha
31,10,4,4,ق,ق,107.1375625,107.1575625,107.1575625,0.01999999999999602,0.01999999999999602,-12.052064,True,False,False,False,False,fatha
31,10,5,5,َ,َ,107.1575625,107.1775625,107.1775625,0.01999999999999602,0.01999999999999602,-19.453127,False,False,False,False,False,none
31,10,6,6, ,|,107.1775625,107.19756249999999,107.19756249999999,0.01999999999999602,0.01999999999999602,-11.742634,False,False,False,False,False,none
31,10,7,7,ٱ,ا,107.19756249999999,107.2175625,107.2175625,0.020000000000010232,0.020000000000010232,-11.713587,False,False,False,False,False,none
31,10,8,8,ل,ل,107.2175625,107.2375625,107.2375625,0.01999999999999602,0.01999999999999602,-10.807834,False,True,False,False,False,fatha
31,10,9,9,س,س,107.2375625,107.25756249999999,107.25756249999999,0.01999999999999602,0.01999999999999602,-13.842776,False,True,False,False,False,fatha
31,10,10,10,ّ,ّ,107.25756249999999,107.27756249999999,107.27756249999999,0.01999999999999602,0.01999999999999602,-14.516809,False,False,False,False,False,fatha
31,10,11,11,َ,َ,107.27756249999999,107.2975625,107.2975625,0.020000000000010232,0.020000000000010232,-14.700062,False,False,True,False,False,fatha
31,10,12,12,م,م,107.2975625,107.3175625,107.3175625,0.01999999999999602,0.01999999999999602,-15.889998,False,False,True,False,False,fatha
31,10,13,13,َ,َ,107.3175625,107.33756249999999,107.33756249999999,0.01999999999999602,0.01999999999999602,-16.171907,False,False,True,False,False,none
31,10,14,15,ٰ,ا,107.33756249999999,107.3575625,107.3575625,0.020000000000010232,0.020000000000010232,-16.422855,False,False,True,False,False,fatha
31,10,15,16,و,و,107.3575625,107.3775625,107.3775625,0.01999999999999602,0.01999999999999602,-10.881298,False,False,True,False,False,fatha
31,10,16,17,َ,َ,107.3775625,107.39756249999999,107.39756249999999,0.01999999999999602,0.01999999999999602,-18.273544,False,False,True,False,False,kasra
31,10,17,18,ٰ,ا,107.39756249999999,107.41756249999999,107.41756249999999,0.01999999999999602,0.01999999999999602,-13.214433,False,False,False,False,False,kasra
31,10,18,19,ت,ت,107.41756249999999,107.4375625,107.4375625,0.020000000000010232,0.020000000000010232,-15.676652,False,False,False,False,False,kasra
31,10,19,20,ِ,ِ,107.4375625,107.4575625,107.4575625,0.01999999999999602,0.01999999999999602,-11.708039,False,False,False,False,False,kasra
31,10,20,21, ,|,107.4575625,107.47756249999999,107.47756249999999,0.01999999999999602,0.01999999999999602,-10.860457,False,False,False,False,False,kasra
31,10,21,22,ب,ب,107.47756249999999,107.4975625,107.4975625,0.020000000000010232,0.020000000000010232,-14.106542,False,False,False,False,False,kasra
31,10,22,23,ِ,ِ,107.4975625,107.5975625,107.5175625,0.09999999999999432,0.01999999999999602,-16.996147,False,False,False,False,False,fatha
31,10,23,24,غ,غ,107.5975625,107.6575625,107.61756249999999,0.060000000000002274,0.01999999999999602,-0.37599543,False,False,False,False,False,fatha
31,10,24,25,َ,َ,107.6575625,107.7975625,107.69756249999999,0.14000000000000057,0.03999999999999204,-0.017953854,False,False,False,False,True,sukun
31,10,25,26,ي,ي,107.7975625,107.8775625,107.8175625,0.0799999999999983,0.01999999999999602,-6.603976e-05,False,False,False,False,True,sukun
31,10,26,27,ْ,ْ,107.8775625,107.97756249999999,107.89756249999999,0.09999999999999432,0.01999999999999602,-1.3826771,False,False,False,False,False,kasra
31,10,27,28,ر,ر,107.97756249999999,108.0175625,107.9975625,0.04000000000000625,0.020000000000010232,-0.009077825,False,False,False,False,False,kasra
31,10,28,29,ِ,ِ,108.0175625,108.0775625,108.05756249999999,0.060000000000002274,0.03999999999999204,-0.26102704,False,False,False,False,False,fatha
31,10,29,30, ,|,108.0775625,108.2175625,108.1375625,0.14000000000000057,0.060000000000002274,-0.082238495,False,False,False,False,False,fatha
31,10,30,31,ع,ع,108.2175625,108.27756249999999,108.2375625,0.05999999999998806,0.01999999999999602,-0.0017394188,False,False,False,False,False,fatha
31,10,31,32,َ,َ,108.27756249999999,108.4375625,108.2975625,0.1600000000000108,0.020000000000010232,-0.001997739,False,False,False,False,False,fatha
31,10,32,33,م,م,108.4375625,108.4975625,108.4575625,0.060000000000002274,0.01999999999999602,-0.0002924968,False,False,False,False,False,fatha
31,10,33,34,َ,َ,108.4975625,108.6575625,108.5175625,0.1599999999999966,0.01999999999999602,-0.00024160804,False,False,False,False,False,tanween
31,10,34,35,د,د,108.6575625,108.7175625,108.6775625,0.060000000000002274,0.01999999999999602,-3.478211,False,False,False,False,False,tanween
31,10,35,36,ٍ,ٍ,108.7175625,108.8175625,108.7375625,0.09999999999999432,0.01999999999999602,-0.07311659,False,False,False,False,False,none
31,10,36,38, ,|,108.8175625,109.55756249999999,108.83756249999999,0.7399999999999949,0.01999999999999602,-4.619293,False,False,False,False,False,fatha
31,10,37,39,ت,ت,109.55756249999999,109.6375625,109.5775625,0.0800000000000125,0.020000000000010232,-0.0011664975,False,False,False,False,False,fatha
31,10,38,40,َ,َ,109.6375625,109.7975625,109.6575625,0.1599999999999966,0.01999999999999602,-0.0031993415,False,False,False,False,False,fatha
31,10,39,41,ر,ر,109.7975625,109.8575625,109.8175625,0.060000000000002274,0.01999999999999602,-5.897725,False,False,False,False,False,fatha
31,10,40,42,َ,َ,109.8575625,109.97756249999999,109.8775625,0.11999999999999034,0.01999999999999602,-0.0004621868,False,False,False,False,True,sukun
31,10,41,43,و,و,109.97756249999999,110.03756249999999,110.0175625,0.060000000000002274,0.04000000000000625,-0.00043650813,False,False,False,False,True,sukun
31,10,42,44,ْ,ْ,110.03756249999999,110.19756249999999,110.0975625,0.1599999999999966,0.060000000000002274,-0.09486502,False,False,False,False,False,fatha
31,10,43,45,ن,ن,110.19756249999999,110.25756249999999,110.2175625,0.060000000000002274,0.020000000000010232,-0.0018874465,False,False,False,False,False,fatha
31,10,44,46,َ,َ,110.25756249999999,110.41756249999999,110.27756249999999,0.1599999999999966,0.01999999999999602,-0.022219284,False,False,False,False,False,fatha
31,10,45,47,ه,ه,110.41756249999999,110.4575625,110.4375625,0.04000000000000625,0.020000000000010232,-5.3404336e-05,False,False,False,False,False,fatha
31,10,46,48,َ,َ,110.4575625,110.5175625,110.47756249999999,0.060000000000002274,0.01999999999999602,-0.8436614,False,False,False,False,False,none
31,10,47,49,ا,ا,110.5175625,111.5975625,110.53756249999999,1.0799999999999983,0.01999999999999602,-0.0035761946,False,False,False,False,False,none
31,10,48,50, ,|,111.5975625,111.69756249999999,111.6575625,0.09999999999999432,0.060000000000002274,-0.36874652,False,False,False,False,False,none
31,10,49,53,و,و,111.69756249999999,111.75756249999999,111.7175625,0.060000000000002274,0.020000000000010232,-0.00088640495,False,False,False,False,False,fatha
31,10,50,54,َ,َ,111.75756249999999,111.89756249999999,111.77756249999999,0.14000000000000057,0.01999999999999602,-0.0017802357,False,False,False,False,False,fatha
31,10,51,55,أ,أ,111.89756249999999,111.9375625,111.91756249999999,0.04000000000000625,0.01999999999999602,-1.3828182e-05,False,False,False,False,False,fatha
31,10,52,56,َ,َ,111.9375625,112.11756249999999,111.97756249999999,0.1799999999999926,0.03999999999999204,-0.0060282317,False,False,False,False,True,sukun
31,10,53,57,ل,ل,112.11756249999999,112.19756249999999,112.1375625,0.0799999999999983,0.020000000000010232,-1.0967195e-05,False,False,False,False,True,sukun
31,10,54,58,ْ,ْ,112.19756249999999,112.33756249999999,112.2175625,0.14000000000000057,0.020000000000010232,-0.25195026,False,False,True,False,False,fatha
31,10,55,59,ق,ق,112.33756249999999,112.39756249999999,112.3575625,0.060000000000002274,0.020000000000010232,-3.0993935e-05,True,False,True,False,False,fatha
31,10,56,60,َ,َ,112.39756249999999,112.41756249999999,112.41756249999999,0.01999999999999602,0.01999999999999602,-0.45665893,False,False,True,False,False,none
31,10,57,61,ى,ى,112.41756249999999,112.4975625,112.4375625,0.0800000000000125,0.020000000000010232,-15.985911,False,False,True,False,False,none
31,10,58,62,ٰ,ا,112.4975625,112.6375625,112.5175625,0.14000000000000057,0.01999999999999602,-0.00937937,False,False,False,False,False,kasra
31,10,59,63, ,|,112.6375625,112.75756249999999,112.6575625,0.11999999999999034,0.01999999999999602,-8.558787,False,False,False,False,False,kasra
31,10,60,64,ف,ف,112.75756249999999,112.83756249999999,112.77756249999999,0.0799999999999983,0.01999999999999602,-3.5512698,False,False,False,False,False,kasra
31,10,61,65,ِ,ِ,112.83756249999999,112.8575625,112.8575625,0.020000000000010232,0.020000000000010232,-0.029444998,False,False,False,False,False,none
31,10,62,66,ى,ى,112.8575625,113.11756249999999,112.8775625,0.2599999999999909,0.01999999999999602,-12.135656,False,False,False,False,False,none
31,10,63,67, ,|,113.11756249999999,113.1375625,113.1375625,0.020000000000010232,0.020000000000010232,-0.12195808,False,False,False,False,False,sukun
31,10,64,68,ٱ,ا,113.1375625,113.1575625,113.1575625,0.01999999999999602,0.01999999999999602,-8.608821,False,False,False,False,True,sukun
31,10,65,69,ل,ل,113.1575625,113.1775625,113.1775625,0.01999999999999602,0.01999999999999602,-8.289899,False,False,False,False,True,sukun
31,10,66,70,ْ,ْ,113.1775625,113.2175625,113.19756249999999,0.04000000000000625,0.01999999999999602,-15.297734,False,False,False,False,False,fatha
31,10,67,71,أ,أ,113.2175625,113.25756249999999,113.2375625,0.03999999999999204,0.01999999999999602,-4.339124e-05,False,False,False,False,False,fatha
31,10,68,72,َ,َ,113.25756249999999,113.41756249999999,113.2975625,0.1599999999999966,0.04000000000000625,-0.21355219,False,False,False,False,True,sukun
31,10,69,73,ر,ر,113.41756249999999,113.47756249999999,113.4375625,0.060000000000002274,0.020000000000010232,-4.1174564,False,False,False,False,True,sukun
31,10,70,74,ْ,ْ,113.47756249999999,113.6375625,113.4975625,0.1600000000000108,0.020000000000010232,-1.7658185,False,False,False,False,False,kasra
31,10,71,75,ض,ض,113.6375625,113.69756249999999,113.6575625,0.05999999999998806,0.01999999999999602,-0.00041893288,True,False,False,False,False,kasra
31,10,72,76,ِ,ِ,113.69756249999999,113.77756249999999,113.7375625,0.0799999999999983,0.04000000000000625,-0.33271933,False,False,False,False,False,fatha
31,10,73,77, ,|,113.77756249999999,113.8575625,113.7975625,0.0800000000000125,0.020000000000010232,-0.3700713,False,False,False,False,False,fatha
31,10,74,78,ر,ر,113.8575625,113.9375625,113.8775625,0.0799999999999983,0.01999999999999602,-0.00033706706,False,False,True,False,False,fatha
31,10,75,79,َ,َ,113.9375625,114.0775625,113.9575625,0.14000000000000057,0.01999999999999602,-0.0004527736,False,False,True,False,False,fatha
31,10,76,80,و,و,114.0775625,114.1575625,114.0975625,0.0799999999999983,0.01999999999999602,-0.6724721,False,False,True,False,False,fatha
31,10,77,81,َ,َ,114.1575625,114.2175625,114.1775625,0.060000000000002274,0.01999999999999602,-3.6436987,False,False,True,False,False,kasra
31,10,78,82,ٰ,ا,114.2175625,114.47756249999999,114.25756249999999,0.2599999999999909,0.03999999999999204,-0.0022563238,False,False,False,False,False,kasra
31,10,79,83,س,س,114.47756249999999,114.55756249999999,114.4975625,0.0799999999999983,0.020000000000010232,-0.00020585326,False,False,False,False,False,kasra
31,10,80,84,ِ,ِ,114.55756249999999,114.69756249999999,114.5775625,0.14000000000000057,0.020000000000010232,-0.0013297296,False,False,False,False,False,fatha
31,10,81,85,ى,ى,114.69756249999999,114.77756249999999,114.7175625,0.0799999999999983,0.020000000000010232,-14.54141,False,False,False,False,False,fatha
31,10,82,86,َ,َ,114.77756249999999,114.8575625,114.7975625,0.0800000000000125,0.020000000000010232,-0.045475267,False,False,False,False,False,fatha
31,10,83,87, ,|,114.8575625,114.9375625,114.89756249999999,0.0799999999999983,0.03999999999999204,-0.020912047,False,False,False,False,False,fatha
31,10,84,88,أ,أ,114.9375625,114.9975625,114.9575625,0.060000000000002274,0.01999999999999602,-4.4106466e-05,False,False,False,False,False,fatha
31,10,85,89,َ,َ,114.9975625,115.6375625,115.03756249999999,0.6400000000000006,0.03999999999999204,-0.0062029567,False,False,False,False,False,none
31,10,86,90,ن,ن,115.6375625,115.9175625,115.6575625,0.28000000000000114,0.01999999999999602,-0.10854079,False,False,False,False,False,fatha
31,10,87,91, ,|,115.9175625,116.05756249999999,115.9575625,0.13999999999998636,0.03999999999999204,-0.060849994,False,False,False,False,False,fatha
31,10,88,92,ت,ت,116.05756249999999,116.11756249999999,116.0775625,0.060000000000002274,0.020000000000010232,-0.00016068121,False,False,False,False,False,fatha
31,10,89,93,َ,َ,116.11756249999999,116.27756249999999,116.1575625,0.1599999999999966,0.04000000000000625,-0.21999153,False,False,False,False,False,kasra
31,10,90,94,م,م,116.27756249999999,116.33756249999999,116.3175625,0.060000000000002274,0.04000000000000625,-0.0020027026,False,False,False,False,False,kasra
31,10,91,95,ِ,ِ,116.33756249999999,116.4975625,116.3775625,0.1600000000000108,0.04000000000000625,-0.19288522,False,False,False,False,False,fatha
31,10,92,96,ي,ي,116.4975625,116.69756249999999,116.5175625,0.19999999999998863,0.01999999999999602,-0.0006635371,False,False,False,False,False,fatha
31,10,93,97,د,د,116.69756249999999,116.75756249999999,116.7175625,0.060000000000002274,0.020000000000010232,-4.472792,False,False,False,False,False,fatha
31,10,94,98,َ,َ,116.75756249999999,116.8175625,116.77756249999999,0.060000000000002274,0.01999999999999602,-0.0003437405,False,False,False,False,False,kasra
31,10,95,99, ,|,116.8175625,116.9375625,116.8775625,0.12000000000000455,0.060000000000002274,-0.17688644,False,False,False,False,False,kasra
31,10,96,100,ب,ب,116.9375625,116.9975625,116.9575625,0.060000000000002274,0.01999999999999602,-2.0419545,False,False,False,False,False,kasra
31,10,97,101,ِ,ِ,116.9975625,117.1575625,117.0175625,0.1599999999999966,0.01999999999999602,-0.00054332754,False,False,False,False,False,damma
31,10,98,102,ك,ك,117.1575625,117.2175625,117.1775625,0.060000000000002274,0.01999999999999602,-2.8371409e-05,False,False,False,False,False,damma
31,10,99,103,ُ,ُ,117.2175625,117.39756249999999,117.2375625,0.1799999999999926,0.01999999999999602,-0.00014161061,False,False,False,False,True,sukun
31,10,100,104,م,م,117.39756249999999,117.4375625,117.4175625,0.04000000000000625,0.020000000000010232,-3.2782016e-05,False,False,False,False,True,sukun
31,10,101,105,ْ,ْ,117.4375625,117.5175625,117.4975625,0.0799999999999983,0.060000000000002274,-0.09513166,False,False,False,False,False,fatha
31,10,102,106, ,|,117.5175625,117.61756249999999,117.5975625,0.09999999999999432,0.0799999999999983,-0.17594166,False,False,False,False,False,fatha
31,10,103,107,و,و,117.61756249999999,117.6575625,117.6375625,0.04000000000000625,0.020000000000010232,-4.577532e-05,False,False,False,False,False,fatha
31,10,104,108,َ,َ,117.6575625,117.8175625,117.69756249999999,0.1599999999999966,0.03999999999999204,-0.3411195,False,False,False,False,False,fatha
31,10,105,109,ب,ب,117.8175625,117.8775625,117.83756249999999,0.060000000000002274,0.01999999999999602,-0.0005446381,False,False,False,False,False,fatha
31,10,106,110,َ,َ,117.8775625,118.2375625,117.89756249999999,0.35999999999999943,0.01999999999999602,-0.030521592,False,True,False,False,False,fatha
31,10,107,111,ث,ث,118.2375625,118.27756249999999,118.25756249999999,0.03999999999999204,0.01999999999999602,-8.624612,False,True,False,False,False,fatha
31,10,108,112,ّ,ّ,118.27756249999999,118.3175625,118.2975625,0.04000000000000625,0.020000000000010232,-0.39963022,False,False,False,False,False,fatha
31,10,109,113,َ,َ,118.3175625,118.3775625,118.33756249999999,0.060000000000002274,0.01999999999999602,-0.0066569704,False,False,False,False,False,kasra
31,10,110,114, ,|,118.3775625,118.4975625,118.39756249999999,0.12000000000000455,0.01999999999999602,-0.023146326,False,False,False,False,False,kasra
31,10,111,115,ف,ف,118.4975625,118.55756249999999,118.5175625,0.05999999999998806,0.01999999999999602,-0.0036022079,False,False,False,False,False,kasra
31,10,112,116,ِ,ِ,118.55756249999999,118.6775625,118.5775625,0.12000000000000455,0.020000000000010232,-0.0020617435,False,False,False,False,False,fatha
31,10,113,117,ي,ي,118.6775625,118.9175625,118.69756249999999,0.2400000000000091,0.01999999999999602,-0.0006289888,False,False,False,False,False,fatha
31,10,114,118,ه,ه,118.9175625,118.9575625,118.9375625,0.03999999999999204,0.01999999999999602,-0.0001572247,False,False,False,False,False,fatha
31,10,115,119,َ,َ,118.9575625,118.9975625,118.97756249999999,0.04000000000000625,0.01999999999999602,-0.06447978,False,False,False,False,False,none
31,10,116,120,ا,ا,118.9975625,119.25756249999999,119.0175625,0.2599999999999909,0.01999999999999602,-0.002118131,False,False,False,False,False,kasra
31,10,117,121, ,|,119.25756249999999,119.4175625,119.3175625,0.1600000000000108,0.060000000000002274,-0.09535658,False,False,False,False,False,kasra
31,10,118,122,م,م,119.4175625,119.47756249999999,119.4375625,0.05999999999998806,0.01999999999999602,-0.11100407,False,False,False,False,False,kasra
31,10,119,123,ِ,ِ,119.47756249999999,120.0175625,119.5175625,0.5400000000000063,0.04000000000000625,-0.23917323,False,False,False,False,False,none
31,10,120,124,ن,ن,120.0175625,120.1575625,120.03756249999999,0.14000000000000057,0.01999999999999602,-0.033521276,False,False,False,False,False,damma
31,10,121,125, ,|,120.1575625,120.2975625,120.1775625,0.14000000000000057,0.01999999999999602,-3.3484843,False,False,False,False,False,damma
31,10,122,126,ك,ك,120.2975625,120.3775625,120.3175625,0.0799999999999983,0.01999999999999602,-4.196079e-05,False,False,False,False,False,damma
31,10,123,127,ُ,ُ,120.3775625,120.7175625,120.39756249999999,0.3400000000000034,0.01999999999999602,-0.09278965,False,True,False,False,False,kasra
31,10,124,128,ل,ل,120.7175625,120.75756249999999,120.7375625,0.03999999999999204,0.01999999999999602,-0.0008337597,False,True,False,False,False,kasra
31,10,125,129,ّ,ّ,120.75756249999999,120.7975625,120.7975625,0.04000000000000625,0.04000000000000625,-0.32368773,False,False,False,False,False,kasra
31,10,126,130,ِ,ِ,120.7975625,120.83756249999999,120.8175625,0.03999999999999204,0.01999999999999602,-0.06318291,False,False,False,False,False,fatha
31,10,127,131, ,|,120.83756249999999,120.9575625,120.8775625,0.12000000000000455,0.04000000000000625,-0.15148911,False,False,False,True,False,fatha
31,10,128,132,د,د,120.9575625,121.03756249999999,120.97756249999999,0.0799999999999983,0.01999999999999602,-0.7203396,False,False,False,True,False,fatha
31,10,129,133,َ,َ,121.03756249999999,121.11756249999999,121.05756249999999,0.0799999999999983,0.01999999999999602,-0.793696,False,False,False,True,False,none
31,10,130,134,ا,ا,121.11756249999999,122.83756249999999,121.1375625,1.7199999999999989,0.020000000000010232,-0.026932377,False,False,False,True,False,none
31,10,131,135,ٓ,ا,122.83756249999999,123.7375625,122.8575625,0.9000000000000057,0.020000000000010232,-5.9601855,False,True,False,False,False,fatha
31,10,132,136,ب,ب,123.7375625,123.77756249999999,123.75756249999999,0.03999999999999204,0.01999999999999602,-0.00022253898,False,True,False,False,False,fatha
31,10,133,137,ّ,ّ,123.77756249999999,123.7975625,123.7975625,0.020000000000010232,0.020000000000010232,-0.05786132,False,False,False,False,False,fatha
31,10,134,138,َ,َ,123.7975625,123.8175625,123.8175625,0.01999999999999602,0.01999999999999602,-6.078309,False,False,False,False,False,tanween
31,10,135,139,ة,ة,123.8175625,123.83756249999999,123.83756249999999,0.01999999999999602,0.01999999999999602,-10.053736,False,False,False,False,False,tanween
31,10,136,140,ٍ,ٍ,123.83756249999999,125.05756249999999,123.8575625,1.2199999999999989,0.020000000000010232,-14.217649,False,False,False,False,False,none
31,10,137,142, ,|,125.05756249999999,125.1775625,125.1375625,0.12000000000000455,0.0800000000000125,-0.1933831,False,False,False,False,False,none
31,10,138,145,و,و,125.1775625,125.2175625,125.1975625,0.04000000000000625,0.020000000000010232,-2.7298554e-05,False,False,False,False,False,fatha
31,10,139,146,َ,َ,125.2175625,125.3775625,125.25756249999999,0.1599999999999966,0.03999999999999204,-0.30430853,False,False,False,False,False,fatha
31,10,140,147,أ,أ,125.3775625,125.4175625,125.39756249999999,0.04000000000000625,0.01999999999999602,-0.000119082986,False,False,False,False,False,fatha
31,10,141,148,َ,َ,125.4175625,126.3175625,125.4575625,0.8999999999999915,0.03999999999999204,-0.019825302,False,False,False,False,False,fatha
31,10,142,149,ن,ن,126.3175625,126.49756249999999,126.33756249999999,0.1799999999999926,0.01999999999999602,-0.025977015,False,False,False,False,False,fatha
31,10,143,150,ز,ز,126.49756249999999,126.5975625,126.5175625,0.10000000000000853,0.020000000000010232,-0.00010680582,False,False,False,False,False,fatha
31,10,144,151,َ,َ,126.5975625,126.7375625,126.61756249999999,0.14000000000000057,0.01999999999999602,-0.00044121544,False,False,False,False,True,sukun
31,10,145,152,ل,ل,126.7375625,126.7975625,126.75756249999999,0.060000000000002274,0.01999999999999602,-7.4026226e-05,False,False,False,False,True,sukun
31,10,146,153,ْ,ْ,126.7975625,126.9375625,126.83756249999999,0.14000000000000057,0.03999999999999204,-0.20498595,False,False,False,False,False,fatha
31,10,147,154,ن,ن,126.9375625,127.0175625,126.97756249999999,0.0799999999999983,0.03999999999999204,-0.011064222,False,False,False,False,False,fatha
31,10,148,155,َ,َ,127.0175625,127.0975625,127.03756249999999,0.0799999999999983,0.01999999999999602,-0.03929919,False,False,False,False,False,none
31,10,149,156,ا,ا,127.0975625,127.2375625,127.11756249999999,0.14000000000000057,0.01999999999999602,-1.2278481e-05,False,False,False,False,False,kasra
31,10,150,157, ,|,127.2375625,127.3575625,127.2975625,0.12000000000000455,0.060000000000002274,-0.10887044,False,False,False,False,False,kasra
31,10,151,158,م,م,127.3575625,127.4375625,127.3775625,0.0799999999999983,0.01999999999999602,-0.00059110334,False,False,False,False,False,kasra
31,10,152,159,ِ,ِ,127.4375625,127.55756249999999,127.4575625,0.11999999999999034,0.01999999999999602,-0.0008279233,False,False,False,False,False,fatha
31,10,153,160,ن,ن,127.55756249999999,127.61756249999999,127.5775625,0.060000000000002274,0.020000000000010232,-2.0980615e-05,False,False,False,False,False,fatha
31,10,154,161,َ,َ,127.61756249999999,127.6775625,127.6375625,0.060000000000002274,0.020000000000010232,-0.0062421835,False,False,False,False,False,none
31,10,155,162, ,|,127.6775625,127.7375625,127.7375625,0.060000000000002274,0.060000000000002274,-0.17661935,False,False,False,False,False,none
31,10,156,163,ٱ,ا,127.7375625,127.7975625,127.75756249999999,0.060000000000002274,0.01999999999999602,-0.8050153,False,False,False,False,False,none
31,10,157,164,ل,ل,127.7975625,127.99756249999999,127.83756249999999,0.19999999999998863,0.03999999999999204,-0.0010442173,False,True,False,False,False,fatha
31,10,158,165,س,س,127.99756249999999,128.0375625,128.0175625,0.040000000000020464,0.020000000000010232,-2.860982e-05,False,True,False,False,False,fatha
31,10,159,166,ّ,ّ,128.0375625,128.0775625,128.0775625,0.03999999999999204,0.03999999999999204,-0.0009600645,False,False,False,False,False,fatha
31,10,160,167,َ,َ,128.0775625,128.2375625,128.1175625,0.1599999999999966,0.03999999999999204,-0.12273896,False,False,False,True,False,fatha
31,10,161,168,م,م,128.2375625,128.3175625,128.2775625,0.0800000000000125,0.03999999999999204,-0.007661697,False,False,False,True,False,fatha
31,10,162,169,َ,َ,128.3175625,128.3975625,128.3375625,0.07999999999998408,0.01999999999998181,-2.571686,False,False,False,True,False,none
31,10,163,170,ا,ا,128.3975625,129.15756249999998,128.4175625,0.7599999999999909,0.020000000000010232,-0.00021836757,False,False,False,True,False,kasra
31,10,164,171,ٓ,ا,129.15756249999998,129.8575625,129.1775625,0.700000000000017,0.020000000000010232,-11.783216,False,False,False,False,False,kasra
31,10,165,172,ء,ء,129.8575625,129.9175625,129.8775625,0.060000000000002274,0.020000000000010232,-8.5121765,False,False,False,False,False,kasra
31,10,166,173,ِ,ِ,129.9175625,129.9775625,129.93756249999998,0.060000000000002274,0.01999999999998181,-0.011414696,False,False,False,False,False,fatha
31,10,167,174, ,|,129.9775625,130.0575625,129.9975625,0.07999999999998408,0.01999999999998181,-0.09442213,False,False,False,True,False,fatha
31,10,168,175,م,م,130.0575625,130.1175625,130.0775625,0.060000000000002274,0.020000000000010232,-0.00024077378,False,False,False,True,False,fatha
31,10,169,176,َ,َ,130.1175625,130.1975625,130.15756249999998,0.0800000000000125,0.03999999999999204,-0.47939134,False,False,False,True,False,none
31,10,170,177,ا,ا,130.1975625,130.7775625,130.2375625,0.5799999999999841,0.03999999999999204,-0.017001046,False,False,False,True,False,tanween
31,10,171,178,ٓ,ا,130.7775625,131.3175625,130.7975625,0.5400000000000205,0.020000000000010232,-7.8718977,False,False,False,False,False,tanween
31,10,172,179,ء,ء,131.3175625,131.3775625,131.3375625,0.060000000000002274,0.01999999999998181,-0.19228174,False,False,False,False,False,tanween
31,10,173,180,ً,ً,131.3775625,132.1775625,131.3975625,0.799999999999983,0.01999999999998181,-1.4998184,False,False,False,False,False,none
31,10,174,182, ,|,132.1775625,132.2975625,132.21756249999999,0.12000000000000455,0.03999999999999204,-0.0051356936,False,False,False,False,False,fatha
31,10,175,183,ف,ف,132.2975625,132.3775625,132.3175625,0.0800000000000125,0.020000000000010232,-3.2424403e-05,False,False,False,False,False,fatha
31,10,176,184,َ,َ,132.3775625,132.5375625,132.3975625,0.1599999999999966,0.01999999999998181,-0.006203918,False,False,False,False,False,fatha
31,10,177,185,أ,أ,132.5375625,132.59756249999998,132.5575625,0.05999999999997385,0.01999999999998181,-5.0185852e-05,False,False,False,False,False,fatha
31,10,178,186,َ,َ,132.59756249999998,133.15756249999998,132.6175625,0.5600000000000023,0.020000000000010232,-0.00061266724,False,False,False,False,False,none
31,10,179,187,ن,ن,133.15756249999998,133.3975625,133.1775625,0.2400000000000091,0.020000000000010232,-0.096489675,False,False,False,False,False,fatha
31,10,180,189,ب,ب,133.3975625,133.4775625,133.4175625,0.0800000000000125,0.020000000000010232,-8.5830325e-06,False,False,False,False,False,fatha
31,10,181,190,َ,َ,133.4775625,133.71756249999999,133.4975625,0.23999999999998067,0.01999999999998181,-0.0076188934,False,False,False,False,True,sukun
31,10,182,191,ت,ت,133.71756249999999,133.7775625,133.7375625,0.060000000000002274,0.020000000000010232,-0.0022540896,False,False,False,False,True,sukun
31,10,183,192,ْ,ْ,133.7775625,133.9175625,133.8175625,0.14000000000001478,0.040000000000020464,-0.32045826,False,False,False,False,False,fatha
31,10,184,193,ن,ن,133.9175625,133.9775625,133.93756249999998,0.060000000000002274,0.01999999999998181,-1.2755313e-05,False,False,False,False,False,fatha
31,10,185,194,َ,َ,133.9775625,134.0575625,133.9975625,0.07999999999998408,0.01999999999998181,-2.1063983,False,False,False,False,False,none
31,10,186,195,ا,ا,134.0575625,134.2375625,134.09756249999998,0.18000000000000682,0.03999999999999204,-0.27618927,False,False,False,False,False,kasra
31,10,187,196, ,|,134.2375625,134.3775625,134.2775625,0.14000000000001478,0.03999999999999204,-0.00021103039,False,False,False,False,False,kasra
31,10,188,197,ف,ف,134.3775625,134.43756249999998,134.3975625,0.05999999999997385,0.01999999999998181,-3.2901222e-05,False,False,False,False,False,kasra
31,10,189,198,ِ,ِ,134.43756249999998,134.5375625,134.4575625,0.10000000000002274,0.020000000000010232,-0.017699393,False,False,False,False,False,fatha
31,10,190,199,ي,ي,134.5375625,134.7975625,134.5575625,0.2599999999999909,0.01999999999998181,-3.8384653e-05,False,False,False,False,False,fatha
31,10,191,200,ه,ه,134.7975625,134.8575625,134.8175625,0.060000000000002274,0.020000000000010232,-0.00010477948,False,False,False,False,False,fatha
31,10,192,201,َ,َ,134.8575625,134.9175625,134.8775625,0.060000000000002274,0.020000000000010232,-1.0851321,False,False,False,False,False,none
31,10,193,202,ا,ا,134.9175625,134.93756249999998,134.93756249999998,0.01999999999998181,0.01999999999998181,-0.1224729,False,False,False,False,False,kasra
31,10,194,203, ,|,134.93756249999998,134.9575625,134.9575625,0.020000000000010232,0.020000000000010232,-15.772053,False,False,False,False,False,kasra
31,10,195,204,م,م,134.9575625,134.9775625,134.9775625,0.020000000000010232,0.020000000000010232,-17.635164,False,False,False,False,False,kasra
31,10,196,205,ِ,ِ,134.9775625,134.9975625,134.9975625,0.01999999999998181,0.01999999999998181,-14.574711,False,False,False,False,False,none
31,10,197,206,ن,ن,134.9975625,135.0175625,135.0175625,0.020000000000010232,0.020000000000010232,-20.14844,False,False,False,False,False,damma
31,10,198,207, ,|,135.0175625,135.0375625,135.0375625,0.020000000000010232,0.020000000000010232,-17.91504,False,False,False,False,False,damma
31,10,199,208,ك,ك,135.0375625,135.0575625,135.0575625,0.01999999999998181,0.01999999999998181,-22.167969,False,False,False,False,False,damma
31,10,200,209,ُ,ُ,135.0575625,135.0775625,135.0775625,0.020000000000010232,0.020000000000010232,-20.46875,False,True,False,False,False,kasra
31,10,201,210,ل,ل,135.0775625,135.09756249999998,135.09756249999998,0.01999999999998181,0.01999999999998181,-20.972658,False,True,False,False,False,kasra
31,10,202,211,ّ,ّ,135.09756249999998,135.1175625,135.1175625,0.020000000000010232,0.020000000000010232,-16.562332,False,False,False,False,False,kasra
31,10,203,212,ِ,ِ,135.1175625,135.1375625,135.1375625,0.020000000000010232,0.020000000000010232,-14.848492,False,False,False,False,False,fatha
31,10,204,213, ,|,135.1375625,135.15756249999998,135.15756249999998,0.01999999999998181,0.01999999999998181,-2.863461,False,False,False,False,False,fatha
31,10,205,214,ز,ز,135.15756249999998,135.1975625,135.1775625,0.040000000000020464,0.020000000000010232,-20.98857,False,False,False,False,False,fatha
31,10,206,215,َ,َ,135.1975625,135.2375625,135.21756249999999,0.03999999999999204,0.01999999999998181,-15.480713,False,False,False,False,True,sukun
31,10,207,216,و,و,135.2375625,135.2775625,135.2575625,0.03999999999999204,0.020000000000010232,-9.5289755,False,False,False,False,True,sukun
31,10,208,217,ْ,ْ,135.2775625,135.2975625,135.2975625,0.020000000000010232,0.020000000000010232,-11.95268,False,False,False,False,False,tanween
31,10,209,218,ج,ج,135.2975625,135.3175625,135.3175625,0.020000000000010232,0.020000000000010232,-13.191865,False,False,False,False,False,tanween
31,10,210,219,ٍ,ٍ,135.3175625,135.3375625,135.3375625,0.01999999999998181,0.01999999999998181,-11.749757,False,False,False,False,False,none
31,10,211,221, ,|,135.3375625,135.3575625,135.3575625,0.020000000000010232,0.020000000000010232,-10.43575,False,False,False,False,False,fatha
31,10,212,222,ك,ك,135.3575625,135.3775625,135.3775625,0.020000000000010232,0.020000000000010232,-15.589345,False,False,False,False,False,fatha
31,10,213,223,َ,َ,135.3775625,135.3975625,135.3975625,0.01999999999998181,0.01999999999998181,-11.084513,False,False,False,False,False,kasra
31,10,214,224,ر,ر,135.3975625,135.4175625,135.4175625,0.020000000000010232,0.020000000000010232,-14.16257,False,False,False,False,False,kasra
31,10,215,225,ِ,ِ,135.4175625,135.43756249999998,135.43756249999998,0.01999999999998181,0.01999999999998181,-6.1220527,False,False,False,False,False,tanween
31,10,216,226,ي,ي,135.43756249999998,135.4575625,135.4575625,0.020000000000010232,0.020000000000010232,-7.035529,False,False,False,False,False,tanween
31,10,217,227,م,م,135.4575625,135.4775625,135.4775625,0.020000000000010232,0.020000000000010232,-8.552379,False,False,False,False,False,tanween
31,10,218,228,ٍ,ٍ,135.4775625,135.5080625,135.4975625,0.030499999999989313,0.01999999999998181,-15.648475,False,False,False,False,False,none
31,11,0,0,ه,ه,135.9480625,136.0080625,135.9680625,0.060000000000002274,0.020000000000010232,-11.857491,False,False,True,False,False,fatha
31,11,1,1,َ,َ,136.0080625,136.3480625,136.0280625,0.3400000000000034,0.020000000000010232,-6.9223347,False,False,True,False,False,none
31,11,2,3,ٰ,ا,136.3480625,136.60806250000002,136.3680625,0.2600000000000193,0.020000000000010232,-8.841563,False,False,False,False,False,fatha
31,11,3,4,ذ,ذ,136.60806250000002,136.6880625,136.6280625,0.07999999999998408,0.01999999999998181,-6.068975,False,False,False,False,False,fatha
31,11,4,5,َ,َ,136.6880625,138.16806250000002,136.7080625,1.4800000000000182,0.020000000000010232,-0.2384462,False,False,False,False,False,none
31,11,5,6,ا,ا,138.16806250000002,139.7480625,138.1880625,1.579999999999984,0.01999999999998181,-11.471157,False,False,False,False,False,fatha
31,11,6,7, ,|,139.7480625,140.7680625,139.8080625,1.0200000000000102,0.060000000000002274,-0.097478144,False,False,False,False,False,fatha
31,11,7,8,خ,خ,140.7680625,140.82806250000002,140.7880625,0.060000000000002274,0.01999999999998181,-2.6076927,False,False,False,False,False,fatha
31,11,8,9,َ,َ,140.82806250000002,140.9880625,140.8480625,0.1599999999999966,0.01999999999998181,-0.8619569,False,False,False,False,True,sukun
31,11,9,10,ل,ل,140.9880625,141.04806250000001,141.0080625,0.060000000000002274,0.01999999999998181,-2.5876338,False,False,False,False,True,sukun
31,11,10,11,ْ,ْ,141.04806250000001,141.2080625,141.0680625,0.1599999999999966,0.01999999999998181,-0.61113715,False,False,False,False,False,damma
31,11,11,12,ق,ق,141.2080625,141.2680625,141.2280625,0.060000000000002274,0.01999999999998181,-1.8525834,True,False,False,False,False,damma
31,11,12,13,ُ,ُ,141.2680625,141.4280625,141.2880625,0.1599999999999966,0.01999999999998181,-0.5386185,False,False,False,False,False,none
31,11,13,14, ,|,141.4280625,141.4880625,141.4680625,0.060000000000002274,0.03999999999999204,-0.16461374,False,False,False,False,False,none
31,11,14,15,ٱ,ا,141.4880625,141.5280625,141.5280625,0.03999999999999204,0.03999999999999204,-0.17181388,False,False,False,False,False,none
31,11,15,16,ل,ل,141.5280625,141.66806250000002,141.5880625,0.14000000000001478,0.060000000000002274,-0.23886524,False,True,False,False,False,fatha
31,11,16,17,ل,ل,141.66806250000002,141.7280625,141.7080625,0.05999999999997385,0.03999999999999204,-0.063586354,False,True,False,False,False,fatha
31,11,17,18,ّ,ّ,141.7280625,141.7680625,141.7480625,0.040000000000020464,0.020000000000010232,-0.45620918,False,False,False,False,False,fatha
31,11,18,19,َ,َ,141.7680625,142.04806250000001,141.7880625,0.28000000000000114,0.01999999999998181,-1.7832304,False,False,False,False,False,kasra
31,11,19,20,ه,ه,142.04806250000001,142.1280625,142.0680625,0.07999999999998408,0.01999999999998181,-6.0079677e-05,False,False,False,False,False,kasra
31,11,20,21,ِ,ِ,142.1280625,142.2080625,142.1480625,0.0800000000000125,0.020000000000010232,-2.154598,False,False,False,False,False,fatha
31,11,21,22, ,|,142.2080625,142.3080625,142.2480625,0.09999999999999432,0.03999999999999204,-0.014024898,False,False,False,False,False,fatha
31,11,22,23,ف,ف,142.3080625,142.38806250000002,142.32806250000002,0.0800000000000125,0.020000000000010232,-0.00013970352,False,False,False,False,False,fatha
31,11,23,24,َ,َ,142.38806250000002,142.5280625,142.4080625,0.13999999999998636,0.01999999999998181,-1.8375797,False,False,False,False,False,fatha
31,11,24,25,أ,أ,142.5280625,142.5880625,142.54806250000001,0.060000000000002274,0.020000000000010232,-2.491443e-05,False,False,False,False,False,fatha
31,11,25,26,َ,َ,142.5880625,142.7280625,142.60806250000002,0.13999999999998636,0.020000000000010232,-0.90287745,False,False,False,False,False,damma
31,11,26,27,ر,ر,142.7280625,142.8080625,142.7480625,0.0800000000000125,0.020000000000010232,-6.1915236,False,False,False,False,False,damma
31,11,27,28,ُ,ُ,142.8080625,142.9280625,142.82806250000002,0.12000000000000455,0.020000000000010232,-0.9331457,False,False,False,False,False,kasra
31,11,28,29,و,و,142.9280625,143.10806250000002,142.9680625,0.18000000000000682,0.03999999999999204,-0.00089430355,False,False,False,False,False,kasra
31,11,29,30,ن,ن,143.10806250000002,143.16806250000002,143.1480625,0.060000000000002274,0.03999999999999204,-0.0015149916,False,False,False,False,False,kasra
31,11,30,31,ِ,ِ,143.16806250000002,143.3080625,143.1880625,0.13999999999998636,0.01999999999998181,-0.8483534,False,False,False,False,False,none
31,11,31,32,ى,ى,143.3080625,143.4280625,143.32806250000002,0.12000000000000455,0.020000000000010232,-12.252394,False,False,False,False,False,fatha
31,11,32,33, ,|,143.4280625,143.5080625,143.4680625,0.07999999999998408,0.03999999999999204,-0.004486081,False,False,False,False,False,fatha
31,11,33,34,م,م,143.5080625,143.5880625,143.5280625,0.0800000000000125,0.020000000000010232,-2.491443e-05,False,False,False,False,False,fatha
31,11,34,35,َ,َ,143.5880625,143.6480625,143.60806250000002,0.060000000000002274,0.020000000000010232,-3.632491,False,False,False,False,False,fatha
31,11,35,36,ا,ا,143.6480625,143.9080625,143.66806250000002,0.2599999999999909,0.020000000000010232,-0.00046862112,False,False,False,False,False,fatha
31,11,36,37,ذ,ذ,143.9080625,143.9880625,143.9280625,0.0800000000000125,0.020000000000010232,-0.0006177901,False,False,False,False,False,fatha
31,11,37,38,َ,َ,143.9880625,144.04806250000001,144.0080625,0.060000000000002274,0.01999999999998181,-10.388704,False,False,False,False,False,none
31,11,38,39,ا,ا,144.04806250000001,144.1880625,144.0680625,0.13999999999998636,0.01999999999998181,-0.00016187312,False,False,False,False,False,fatha
31,11,39,40, ,|,144.1880625,144.3680625,144.2480625,0.18000000000000682,0.060000000000002274,-0.0069551473,False,False,False,False,False,fatha
31,11,40,41,خ,خ,144.3680625,144.4280625,144.38806250000002,0.060000000000002274,0.020000000000010232,-3.242144,False,False,False,False,False,fatha
31,11,41,42,َ,َ,144.4280625,144.5880625,144.4480625,0.1599999999999966,0.01999999999998181,-4.406818,False,False,False,False,False,fatha
31,11,42,43,ل,ل,144.5880625,144.6480625,144.60806250000002,0.060000000000002274,0.020000000000010232,-2.920585e-05,False,False,False,False,False,fatha
31,11,43,44,َ,َ,144.6480625,144.8480625,144.66806250000002,0.19999999999998863,0.020000000000010232,-0.62188154,False,False,False,False,False,fatha
31,11,44,45,ق,ق,144.8480625,144.88806250000002,144.8680625,0.040000000000020464,0.020000000000010232,-7.5456635e-05,True,False,False,False,False,fatha
31,11,45,46,َ,َ,144.88806250000002,145.10806250000002,144.9080625,0.21999999999999886,0.01999999999998181,-1.6006023,False,False,False,False,False,none
31,11,46,47, ,|,145.10806250000002,145.1480625,145.1480625,0.03999999999999204,0.03999999999999204,-0.0013536047,False,False,False,False,False,none
31,11,47,48,ٱ,ا,145.1480625,145.2480625,145.16806250000002,0.09999999999999432,0.020000000000010232,-4.537263,False,True,False,False,False,fatha
31,11,48,49,ل,ل,145.2480625,145.2880625,145.2680625,0.03999999999999204,0.020000000000010232,-2.6464111e-05,False,True,False,False,False,fatha
31,11,49,50,ّ,ّ,145.2880625,145.32806250000002,145.3080625,0.040000000000020464,0.020000000000010232,-2.7170134,False,False,False,False,False,fatha
31,11,50,51,َ,َ,145.32806250000002,145.4680625,145.3480625,0.13999999999998636,0.01999999999998181,-0.9312588,False,False,False,False,False,kasra
31,11,51,52,ذ,ذ,145.4680625,145.5280625,145.4880625,0.060000000000002274,0.020000000000010232,-0.001344968,False,False,False,False,False,kasra
31,11,52,53,ِ,ِ,145.5280625,145.66806250000002,145.54806250000001,0.14000000000001478,0.020000000000010232,-1.7017403,False,False,False,False,False,fatha
31,11,53,54,ي,ي,145.66806250000002,145.8680625,145.6880625,0.19999999999998863,0.01999999999998181,-0.0018715024,False,False,False,False,False,fatha
31,11,54,55,ن,ن,145.8680625,145.9280625,145.88806250000002,0.060000000000002274,0.020000000000010232,-5.4953973e-05,False,False,False,False,False,fatha
31,11,55,56,َ,َ,145.9280625,146.0280625,145.9480625,0.09999999999999432,0.01999999999998181,-0.74547875,False,False,False,False,False,kasra
31,11,56,57, ,|,146.0280625,146.1480625,146.0680625,0.12000000000000455,0.03999999999999204,-0.0023591602,False,False,False,False,False,kasra
31,11,57,58,م,م,146.1480625,146.2280625,146.16806250000002,0.07999999999998408,0.020000000000010232,-0.0011404208,False,False,False,False,False,kasra
31,11,58,59,ِ,ِ,146.2280625,146.8080625,146.2480625,0.5800000000000125,0.020000000000010232,-0.5934548,False,False,False,False,False,none
31,11,59,60,ن,ن,146.8080625,146.9880625,146.82806250000002,0.18000000000000682,0.020000000000010232,-1.6635056,False,False,False,False,False,damma
31,11,60,61, ,|,146.9880625,147.0880625,147.0080625,0.09999999999999432,0.01999999999998181,-0.022228494,False,False,False,False,False,damma
31,11,61,62,د,د,147.0880625,147.1880625,147.10806250000002,0.09999999999999432,0.020000000000010232,-0.00012718822,False,False,False,False,False,damma
31,11,62,63,ُ,ُ,147.1880625,147.2880625,147.2080625,0.09999999999999432,0.020000000000010232,-2.6700754,False,False,False,False,False,kasra
31,11,63,64,و,و,147.2880625,147.5280625,147.3080625,0.2400000000000091,0.020000000000010232,-3.4808505e-05,False,False,False,False,False,kasra
31,11,64,65,ن,ن,147.5280625,147.5880625,147.54806250000001,0.060000000000002274,0.020000000000010232,-1.3589766e-05,False,False,False,False,False,kasra
31,11,65,66,ِ,ِ,147.5880625,147.6880625,147.60806250000002,0.09999999999999432,0.020000000000010232,-0.030729927,False,False,False,False,False,kasra
31,11,66,67,ه,ه,147.6880625,147.7480625,147.7080625,0.060000000000002274,0.020000000000010232,-0.001006097,False,False,False,False,False,kasra
31,11,67,68,ِ,ِ,147.7480625,148.54806250000001,147.7680625,0.8000000000000114,0.020000000000010232,-7.613817,False,False,False,False,False,none
31,11,68,70, ,|,148.54806250000001,148.66806250000002,148.60806250000002,0.12000000000000455,0.060000000000002274,-0.09075606,False,False,False,False,False,none
31,11,69,73,ب,ب,148.66806250000002,148.7280625,148.6880625,0.05999999999997385,0.01999999999998181,-8.70224e-06,False,False,False,False,False,fatha
31,11,70,74,َ,َ,148.7280625,148.8480625,148.7480625,0.12000000000000455,0.020000000000010232,-0.20730025,False,False,False,False,False,kasra
31,11,71,75,ل,ل,148.8480625,148.9080625,148.8680625,0.060000000000002274,0.020000000000010232,-0.0016167201,False,False,False,False,False,kasra
31,11,72,76,ِ,ِ,148.9080625,148.9480625,148.9280625,0.03999999999999204,0.020000000000010232,-0.094547294,False,False,False,False,False,none
31,11,73,77, ,|,148.9480625,149.0080625,149.0080625,0.060000000000002274,0.060000000000002274,-0.0004072264,False,False,False,False,False,none
31,11,74,78,ٱ,ا,149.0080625,149.0680625,149.04806250000001,0.060000000000002274,0.040000000000020464,-0.026020553,False,False,False,False,False,none
31,11,75,79,ل,ل,149.0680625,149.2880625,149.1280625,0.21999999999999886,0.060000000000002274,-0.1761146,False,True,False,False,False,fatha
31,11,76,80,ظ,ظ,149.2880625,149.3480625,149.3080625,0.060000000000002274,0.020000000000010232,-0.7427529,True,True,True,False,False,fatha
31,11,77,81,ّ,ّ,149.3480625,149.38806250000002,149.3680625,0.040000000000020464,0.020000000000010232,-0.41737852,False,False,True,False,False,fatha
31,11,78,82,َ,َ,149.38806250000002,149.4480625,149.4080625,0.05999999999997385,0.01999999999998181,-1.5525094,False,False,True,False,False,none
31,11,79,84,ٰ,ا,149.4480625,149.6880625,149.4680625,0.2400000000000091,0.020000000000010232,-9.560128e-05,False,False,False,False,False,kasra
31,11,80,85,ل,ل,149.6880625,149.7480625,149.7080625,0.060000000000002274,0.020000000000010232,-7.2715025e-05,False,False,False,False,False,kasra
31,11,81,86,ِ,ِ,149.7480625,149.9080625,149.7680625,0.1599999999999966,0.020000000000010232,-0.63641536,False,False,False,False,False,damma
31,11,82,87,م,م,149.9080625,150.0080625,149.9280625,0.09999999999999432,0.020000000000010232,-0.0006480501,False,False,False,False,False,damma
31,11,83,88,ُ,ُ,150.0080625,150.0880625,150.0280625,0.0800000000000125,0.020000000000010232,-4.898308,False,False,False,False,False,fatha
31,11,84,89,و,و,150.0880625,150.10806250000002,150.10806250000002,0.020000000000010232,0.020000000000010232,-1.5386776,False,False,False,False,False,fatha
31,11,85,90,ن,ن,150.10806250000002,150.1280625,150.1280625,0.01999999999998181,0.01999999999998181,-13.119134,False,False,False,False,False,fatha
31,11,86,91,َ,َ,150.1280625,150.2280625,150.1480625,0.09999999999999432,0.020000000000010232,-15.738229,False,False,False,False,False,kasra
31,11,87,92, ,|,150.2280625,150.2480625,150.2480625,0.020000000000010232,0.020000000000010232,-11.843758,False,False,False,False,False,kasra
31,11,88,93,ف,ف,150.2480625,150.2680625,150.2680625,0.020000000000010232,0.020000000000010232,-18.6961,False,False,False,False,False,kasra
31,11,89,94,ِ,ِ,150.2680625,150.2880625,150.2880625,0.01999999999998181,0.01999999999998181,-16.619453,False,False,False,False,False,none
31,11,90,95,ى,ى,150.2880625,150.3080625,150.3080625,0.020000000000010232,0.020000000000010232,-18.220636,False,False,False,False,False,fatha
31,11,91,96, ,|,150.3080625,150.32806250000002,150.32806250000002,0.020000000000010232,0.020000000000010232,-7.9925265,False,False,False,False,False,fatha
31,11,92,97,ض,ض,150.32806250000002,150.3480625,150.3480625,0.01999999999998181,0.01999999999998181,-20.66074,True,False,False,False,False,fatha
31,11,93,98,َ,َ,150.3480625,150.3680625,150.3680625,0.020000000000010232,0.020000000000010232,-9.745461,False,False,True,False,False,fatha
31,11,94,99,ل,ل,150.3680625,150.38806250000002,150.38806250000002,0.020000000000010232,0.020000000000010232,-15.333225,False,False,True,False,False,fatha
31,11,95,100,َ,َ,150.38806250000002,150.4080625,150.4080625,0.01999999999998181,0.01999999999998181,-0.8163125,False,False,True,False,False,none
31,11,96,102,ٰ,ا,150.4080625,150.4280625,150.4280625,0.020000000000010232,0.020000000000010232,-11.306801,False,False,False,False,False,tanween
31,11,97,103,ل,ل,150.4280625,150.4480625,150.4480625,0.01999999999998181,0.01999999999998181,-12.621573,False,False,False,False,False,tanween
31,11,98,104,ٍ,ٍ,150.4480625,150.4680625,150.4680625,0.020000000000010232,0.020000000000010232,-14.871066,False,False,False,False,False,none
31,11,99,106, ,|,150.4680625,150.5680625,150.4880625,0.09999999999999432,0.020000000000010232,-6.021966,False,True,False,False,False,damma
31,11,100,107,م,م,150.5680625,150.60806250000002,150.5880625,0.040000000000020464,0.020000000000010232,-5.885291,False,True,False,False,False,damma
31,11,101,108,ّ,ّ,150.60806250000002,150.6280625,150.6280625,0.01999999999998181,0.01999999999998181,-9.853331,False,False,False,False,False,damma
31,11,102,109,ُ,ُ,150.6280625,150.6480625,150.6480625,0.020000000000010232,0.020000000000010232,-12.588081,False,False,False,False,False,kasra
31,11,103,110,ب,ب,150.6480625,150.66806250000002,150.66806250000002,0.020000000000010232,0.020000000000010232,-14.953584,False,False,False,False,False,kasra
31,11,104,111,ِ,ِ,150.66806250000002,150.6880625,150.6880625,0.01999999999998181,0.01999999999998181,-8.837601,False,False,False,False,False,tanween
31,11,105,112,ي,ي,150.6880625,150.7080625,150.7080625,0.020000000000010232,0.020000000000010232,-0.11501163,False,False,False,False,False,tanween
31,11,106,113,ن,ن,150.7080625,150.7680625,150.7280625,0.060000000000002274,0.01999999999998181,-6.9077377,False,False,False,False,False,tanween
31,11,107,114,ٍ,ٍ,150.7680625,150.8125,150.7880625,0.044437499999986585,0.01999999999998181,-16.390678,False,False,False,False,False,none
31,12,0,0,و,و,154.47250000000003,154.5325,154.51250000000002,0.05999999999997385,0.03999999999999204,-0.30256972,False,False,False,False,False,fatha
31,12,1,1,َ,َ,154.5325,154.6725,154.5525,0.14000000000001478,0.020000000000010232,-0.02698181,False,False,False,False,False,fatha
31,12,2,2,ل,ل,154.6725,154.73250000000002,154.69250000000002,0.060000000000002274,0.020000000000010232,-8.475421e-05,False,False,False,False,False,fatha
31,12,3,3,َ,َ,154.73250000000002,154.9325,154.7525,0.19999999999998863,0.01999999999998181,-0.074047804,False,False,False,False,False,fatha
31,12,4,4,ق,ق,154.9325,154.97250000000003,154.95250000000001,0.040000000000020464,0.020000000000010232,-0.003805302,True,False,False,False,False,fatha
31,12,5,5,َ,َ,154.97250000000003,155.1125,154.9925,0.13999999999998636,0.01999999999998181,-0.0652672,False,False,False,False,True,sukun
31,12,6,6,د,د,155.1125,155.1725,155.13250000000002,0.060000000000002274,0.020000000000010232,-1.0369532,False,False,False,False,True,sukun
31,12,7,7,ْ,ْ,155.1725,155.2125,155.19250000000002,0.03999999999999204,0.020000000000010232,-0.9888122,False,False,False,False,False,fatha
31,12,8,8, ,|,155.2125,155.2525,155.2525,0.03999999999999204,0.03999999999999204,-0.12029828,False,False,False,False,False,fatha
31,12,9,9,ء,ء,155.2525,155.29250000000002,155.2725,0.040000000000020464,0.020000000000010232,-12.057641,False,False,False,False,False,fatha
31,12,10,10,َ,َ,155.29250000000002,155.3325,155.3125,0.03999999999999204,0.01999999999998181,-10.832204,False,False,False,False,False,fatha
31,12,11,11,ا,ا,155.3325,155.7525,155.35250000000002,0.4199999999999875,0.020000000000010232,-10.90466,False,False,False,False,False,fatha
31,12,12,12,ت,ت,155.7525,155.8125,155.7725,0.060000000000002274,0.020000000000010232,-0.0015589953,False,False,False,False,False,fatha
31,12,13,13,َ,َ,155.8125,155.9325,155.8325,0.12000000000000455,0.020000000000010232,-0.010455712,False,False,False,False,True,sukun
31,12,14,14,ي,ي,155.9325,156.0525,155.97250000000003,0.12000000000000455,0.040000000000020464,-0.44395864,False,False,False,False,True,sukun
31,12,15,15,ْ,ْ,156.0525,156.1725,156.07250000000002,0.12000000000000455,0.020000000000010232,-1.4736328,False,False,False,False,False,fatha
31,12,16,16,ن,ن,156.1725,156.2125,156.19250000000002,0.03999999999999204,0.020000000000010232,-0.0014077049,False,False,False,False,False,fatha
31,12,17,17,َ,َ,156.2125,156.29250000000002,156.23250000000002,0.0800000000000125,0.020000000000010232,-7.949665,False,False,False,False,False,none
31,12,18,18,ا,ا,156.29250000000002,156.47250000000003,156.3125,0.18000000000000682,0.01999999999998181,-0.0012998474,False,False,False,False,False,damma
31,12,19,19, ,|,156.47250000000003,156.57250000000002,156.4925,0.09999999999999432,0.01999999999998181,-3.9568148,False,False,False,False,False,damma
31,12,20,20,ل,ل,156.57250000000002,156.63250000000002,156.5925,0.060000000000002274,0.01999999999998181,-0.022711871,False,False,False,False,False,damma
31,12,21,21,ُ,ُ,156.63250000000002,156.8325,156.6525,0.19999999999998863,0.01999999999998181,-0.011611733,False,False,False,False,True,sukun
31,12,22,22,ق,ق,156.8325,156.8925,156.85250000000002,0.060000000000002274,0.020000000000010232,-0.10855116,True,False,False,False,True,sukun
31,12,23,23,ْ,ْ,156.8925,157.0325,156.91250000000002,0.13999999999998636,0.020000000000010232,-0.057885285,False,False,True,False,False,fatha
31,12,24,24,م,م,157.0325,157.0925,157.0525,0.060000000000002274,0.020000000000010232,-0.0006137395,False,False,True,False,False,fatha
31,12,25,25,َ,َ,157.0925,157.1725,157.1125,0.0800000000000125,0.020000000000010232,-6.4937115,False,False,True,False,False,none
31,12,26,27,ٰ,ا,157.1725,157.45250000000001,157.19250000000002,0.28000000000000114,0.020000000000010232,-0.00050138775,False,False,False,False,False,fatha
31,12,27,28,ن,ن,157.45250000000001,157.51250000000002,157.47250000000003,0.060000000000002274,0.020000000000010232,-0.008785169,False,False,False,False,False,fatha
31,12,28,29,َ,َ,157.51250000000002,157.5925,157.5325,0.07999999999998408,0.01999999999998181,-0.10841543,False,False,False,False,False,none
31,12,29,30, ,|,157.5925,157.63250000000002,157.6125,0.040000000000020464,0.020000000000010232,-0.07774104,False,False,False,False,False,sukun
31,12,30,31,ٱ,ا,157.63250000000002,157.69250000000002,157.6525,0.060000000000002274,0.01999999999998181,-3.1830325,False,False,False,False,True,sukun
31,12,31,32,ل,ل,157.69250000000002,157.7525,157.73250000000002,0.05999999999997385,0.03999999999999204,-0.0011459342,False,False,False,False,True,sukun
31,12,32,33,ْ,ْ,157.7525,157.8725,157.7725,0.12000000000000455,0.020000000000010232,-2.9298954,False,False,False,False,False,kasra
31,12,33,34,ح,ح,157.8725,157.9325,157.8925,0.060000000000002274,0.020000000000010232,-0.00031204123,False,False,False,False,False,kasra
31,12,34,35,ِ,ِ,157.9325,158.1125,157.95250000000001,0.18000000000000682,0.020000000000010232,-0.0016675389,False,False,False,False,True,sukun
31,12,35,36,ك,ك,158.1125,158.1525,158.13250000000002,0.03999999999999204,0.020000000000010232,-0.8026442,False,False,False,False,True,sukun
31,12,36,37,ْ,ْ,158.1525,158.3125,158.1725,0.1599999999999966,0.020000000000010232,-1.4120972,False,False,False,False,False,fatha
31,12,37,38,م,م,158.3125,158.3925,158.3325,0.0800000000000125,0.020000000000010232,-1.7881233e-05,False,False,False,False,False,fatha
31,12,38,39,َ,َ,158.3925,158.5525,158.41250000000002,0.1599999999999966,0.020000000000010232,-0.0032782406,False,False,False,False,False,fatha
31,12,39,40,ة,ة,158.5525,158.6125,158.57250000000002,0.060000000000002274,0.020000000000010232,-7.772144e-05,False,False,False,False,False,fatha
31,12,40,41,َ,َ,158.6125,158.69250000000002,158.63250000000002,0.0800000000000125,0.020000000000010232,-0.0057638157,False,False,False,False,False,fatha
31,12,41,42, ,|,158.69250000000002,158.7725,158.73250000000002,0.07999999999998408,0.03999999999999204,-0.017898606,False,False,False,False,False,fatha
31,12,42,43,أ,أ,158.7725,158.8325,158.79250000000002,0.060000000000002274,0.020000000000010232,-1.6212332e-05,False,False,False,False,False,fatha
31,12,43,44,َ,َ,158.8325,158.95250000000001,158.85250000000002,0.12000000000000455,0.020000000000010232,-0.008288982,False,False,False,False,False,kasra
31,12,44,45,ن,ن,158.95250000000001,158.9925,158.97250000000003,0.03999999999999204,0.020000000000010232,-0.0018304513,False,False,False,False,False,kasra
31,12,45,46,ِ,ِ,158.9925,159.0525,159.0325,0.060000000000002274,0.03999999999999204,-0.11177844,False,False,False,False,False,none
31,12,46,47, ,|,159.0525,159.1725,159.07250000000002,0.12000000000000455,0.020000000000010232,-4.75114,False,False,False,False,False,sukun
31,12,47,48,ٱ,ا,159.1725,159.19250000000002,159.19250000000002,0.020000000000010232,0.020000000000010232,-10.307042,False,False,False,False,True,sukun
31,12,48,49,ش,ش,159.19250000000002,159.2525,159.2125,0.05999999999997385,0.01999999999998181,-3.2348073,False,False,False,False,True,sukun
31,12,49,50,ْ,ْ,159.2525,159.3925,159.2725,0.14000000000001478,0.020000000000010232,-1.8507144,False,False,False,False,False,damma
31,12,50,51,ك,ك,159.3925,159.47250000000003,159.41250000000002,0.0800000000000125,0.020000000000010232,-2.1521711,False,False,False,False,False,damma
31,12,51,52,ُ,ُ,159.47250000000003,159.6525,159.4925,0.1799999999999784,0.01999999999998181,-0.12291745,False,False,False,False,True,sukun
31,12,52,53,ر,ر,159.6525,159.7125,159.6725,0.060000000000002274,0.020000000000010232,-0.059710246,False,False,False,False,True,sukun
31,12,53,54,ْ,ْ,159.7125,159.7525,159.73250000000002,0.03999999999999204,0.020000000000010232,-0.704328,False,False,False,False,False,kasra
31,12,54,55, ,|,159.7525,159.85250000000002,159.79250000000002,0.10000000000002274,0.040000000000020464,-0.08310832,False,False,False,False,False,kasra
31,12,55,56,ل,ل,159.85250000000002,159.91250000000002,159.8725,0.060000000000002274,0.01999999999998181,-0.0017835676,False,False,False,False,False,kasra
31,12,56,57,ِ,ِ,159.91250000000002,160.29250000000002,159.9325,0.37999999999999545,0.01999999999998181,-0.004949935,False,True,False,False,False,fatha
31,12,57,58,ل,ل,160.29250000000002,160.3325,160.3125,0.03999999999999204,0.01999999999998181,-2.8490615e-05,False,True,False,False,False,fatha
31,12,58,59,ّ,ّ,160.3325,160.3925,160.3725,0.060000000000002274,0.03999999999999204,-0.19526078,False,False,False,False,False,fatha
31,12,59,60,َ,َ,160.3925,160.7525,160.41250000000002,0.3599999999999852,0.020000000000010232,-0.7786847,False,False,False,False,False,kasra
31,12,60,61,ه,ه,160.7525,160.85250000000002,160.7725,0.10000000000002274,0.020000000000010232,-0.00022814056,False,False,False,False,False,kasra
31,12,61,62,ِ,ِ,160.85250000000002,161.6525,160.8725,0.799999999999983,0.01999999999998181,-0.069187194,False,False,False,False,False,none
31,12,62,63, ,|,161.6525,161.7725,161.73250000000002,0.12000000000000455,0.0800000000000125,-0.06312048,False,False,False,False,False,none
31,12,63,66,و,و,161.7725,161.8325,161.8125,0.060000000000002274,0.03999999999999204,-0.16208108,False,False,False,False,False,fatha
31,12,64,67,َ,َ,161.8325,161.95250000000001,161.85250000000002,0.12000000000000455,0.020000000000010232,-0.0062830537,False,False,False,False,False,fatha
31,12,65,68,م,م,161.95250000000001,162.0325,161.9925,0.07999999999998408,0.03999999999999204,-0.00020037037,False,False,False,False,False,fatha
31,12,66,69,َ,َ,162.0325,162.1725,162.0525,0.14000000000001478,0.020000000000010232,-0.024329197,False,False,False,False,False,none
31,12,67,70,ن,ن,162.1725,162.73250000000002,162.19250000000002,0.5600000000000023,0.020000000000010232,-0.017047068,False,False,False,False,False,fatha
31,12,68,71, ,|,162.73250000000002,162.8725,162.7525,0.13999999999998636,0.01999999999998181,-1.509081,False,False,False,False,False,fatha
31,12,69,72,ي,ي,162.8725,162.95250000000001,162.8925,0.0800000000000125,0.020000000000010232,-0.00010036919,False,False,False,False,False,fatha
31,12,70,73,َ,َ,162.95250000000001,163.1725,162.97250000000003,0.21999999999999886,0.020000000000010232,-0.012950598,False,False,False,False,True,sukun
31,12,71,74,ش,ش,163.1725,163.23250000000002,163.19250000000002,0.060000000000002274,0.020000000000010232,-1.679093,False,False,False,False,True,sukun
31,12,72,75,ْ,ْ,163.23250000000002,163.35250000000002,163.2525,0.12000000000000455,0.01999999999998181,-3.6779773,False,False,False,False,False,damma
31,12,73,76,ك,ك,163.35250000000002,163.4325,163.3725,0.07999999999998408,0.01999999999998181,-0.49161887,False,False,False,False,False,damma
31,12,74,77,ُ,ُ,163.4325,163.57250000000002,163.45250000000001,0.14000000000001478,0.020000000000010232,-0.17060147,False,False,False,False,True,sukun
31,12,75,78,ر,ر,163.57250000000002,163.63250000000002,163.5925,0.060000000000002274,0.01999999999998181,-0.0008551993,False,False,False,False,True,sukun
31,12,76,79,ْ,ْ,163.63250000000002,163.6725,163.6525,0.03999999999999204,0.01999999999998181,-0.060745,False,False,False,False,False,fatha
31,12,77,80, ,|,163.6725,163.7725,163.7125,0.09999999999999432,0.03999999999999204,-0.123015925,False,False,False,False,False,fatha
31,12,78,81,ف,ف,163.7725,163.85250000000002,163.79250000000002,0.0800000000000125,0.020000000000010232,-0.00036936137,False,False,False,False,False,fatha
31,12,79,82,َ,َ,163.85250000000002,164.0325,163.8725,0.1799999999999784,0.01999999999998181,-0.48917428,False,False,False,False,False,kasra
31,12,80,83,إ,إ,164.0325,164.0925,164.0525,0.060000000000002274,0.020000000000010232,-0.0030333244,False,False,False,False,False,kasra
31,12,81,84,ِ,ِ,164.0925,164.8125,164.1125,0.7199999999999989,0.020000000000010232,-0.00042512917,False,True,False,False,False,fatha
31,12,82,85,ن,ن,164.8125,164.85250000000002,164.85250000000002,0.040000000000020464,0.040000000000020464,-0.3231297,False,True,False,False,False,fatha
31,12,83,86,ّ,ّ,164.85250000000002,164.8925,164.8725,0.03999999999999204,0.01999999999998181,-0.00835294,False,False,False,False,False,fatha
31,12,84,87,َ,َ,164.8925,165.0525,164.91250000000002,0.1599999999999966,0.020000000000010232,-0.01193843,False,False,False,False,False,fatha
31,12,85,88,م,م,165.0525,165.1125,165.07250000000002,0.060000000000002274,0.020000000000010232,-0.00020287363,False,False,False,False,False,fatha
31,12,86,89,َ,َ,165.1125,165.1725,165.13250000000002,0.060000000000002274,0.020000000000010232,-7.008718,False,False,False,False,False,none
31,12,87,90,ا,ا,165.1725,165.35250000000002,165.19250000000002,0.18000000000000682,0.020000000000010232,-5.9245263e-05,False,False,False,False,False,fatha
31,12,88,91, ,|,165.35250000000002,165.45250000000001,165.41250000000002,0.09999999999999432,0.060000000000002274,-0.01246326,False,False,False,False,False,fatha
31,12,89,92,ي,ي,165.45250000000001,165.51250000000002,165.47250000000003,0.060000000000002274,0.020000000000010232,-5.5907592e-05,False,False,False,False,False,fatha
31,12,90,93,َ,َ,165.51250000000002,165.6725,165.5325,0.1599999999999966,0.01999999999998181,-0.0016489731,False,False,False,False,True,sukun
31,12,91,94,ش,ش,165.6725,165.7525,165.69250000000002,0.07999999999998408,0.020000000000010232,-0.021359649,False,False,False,False,True,sukun
31,12,92,95,ْ,ْ,165.7525,165.8925,165.7725,0.14000000000001478,0.020000000000010232,-2.1752956,False,False,False,False,False,damma
31,12,93,96,ك,ك,165.8925,165.97250000000003,165.91250000000002,0.0800000000000125,0.020000000000010232,-2.4065905,False,False,False,False,False,damma
31,12,94,97,ُ,ُ,165.97250000000003,166.07250000000002,165.9925,0.09999999999999432,0.01999999999998181,-0.07895563,False,False,False,False,False,damma
31,12,95,98,ر,ر,166.07250000000002,166.0925,166.0925,0.01999999999998181,0.01999999999998181,-12.675406,False,False,False,False,False,damma
31,12,96,99,ُ,ُ,166.0925,166.2725,166.1125,0.18000000000000682,0.020000000000010232,-12.352356,False,False,False,False,False,kasra
31,12,97,100, ,|,166.2725,166.3125,166.29250000000002,0.03999999999999204,0.020000000000010232,-2.2169158,False,False,False,False,False,kasra
31,12,98,101,ل,ل,166.3125,166.3725,166.3325,0.060000000000002274,0.020000000000010232,-0.00013326711,False,False,False,False,False,kasra
31,12,99,102,ِ,ِ,166.3725,166.5325,166.3925,0.1599999999999966,0.020000000000010232,-0.0015284058,False,False,False,False,False,fatha
31,12,100,103,ن,ن,166.5325,166.5925,166.5525,0.060000000000002274,0.020000000000010232,-3.2424403e-05,False,False,False,False,False,fatha
31,12,101,104,َ,َ,166.5925,166.7525,166.6125,0.1599999999999966,0.020000000000010232,-0.0015454266,False,False,False,False,True,sukun
31,12,102,105,ف,ف,166.7525,166.8125,166.7725,0.060000000000002274,0.020000000000010232,-0.00025293013,False,False,False,False,True,sukun
31,12,103,106,ْ,ْ,166.8125,166.95250000000001,166.8325,0.14000000000001478,0.020000000000010232,-0.29094023,False,False,False,False,False,kasra
31,12,104,107,س,س,166.95250000000001,167.03250000000003,166.97250000000003,0.0800000000000125,0.020000000000010232,-0.00010334911,False,False,False,False,False,kasra
31,12,105,108,ِ,ِ,167.03250000000003,167.13250000000002,167.0525,0.09999999999999432,0.01999999999998181,-0.0032585163,False,False,False,False,False,kasra
31,12,106,109,ه,ه,167.13250000000002,167.19250000000002,167.1525,0.060000000000002274,0.01999999999998181,-0.0012019798,False,False,False,False,False,kasra
31,12,107,110,ِ,ِ,167.19250000000002,167.85250000000002,167.2125,0.6599999999999966,0.01999999999998181,-0.38625306,False,False,False,False,False,none
31,12,108,112, ,|,167.85250000000002,167.97250000000003,167.9325,0.12000000000000455,0.07999999999998408,-0.02825613,False,False,False,False,False,none
31,12,109,115,و,و,167.97250000000003,168.01250000000002,167.9925,0.03999999999999204,0.01999999999998181,-9.500529e-05,False,False,False,False,False,fatha
31,12,110,116,َ,َ,168.01250000000002,168.1525,168.0525,0.13999999999998636,0.03999999999999204,-0.1319664,False,False,False,False,False,fatha
31,12,111,117,م,م,168.1525,168.2125,168.1725,0.060000000000002274,0.020000000000010232,-3.4331686e-05,False,False,False,False,False,fatha
31,12,112,118,َ,َ,168.2125,168.3925,168.23250000000002,0.18000000000000682,0.020000000000010232,-0.0035570702,False,False,False,False,False,none
31,12,113,119,ن,ن,168.3925,168.95250000000001,168.41250000000002,0.5600000000000023,0.020000000000010232,-0.18662977,False,False,False,False,False,fatha
31,12,114,120, ,|,168.95250000000001,169.0925,168.97250000000003,0.13999999999998636,0.020000000000010232,-3.7548316,False,False,False,False,False,fatha
31,12,115,121,ك,ك,169.0925,169.1725,169.1125,0.0800000000000125,0.020000000000010232,-1.1682442e-05,False,False,False,False,False,fatha
31,12,116,122,َ,َ,169.1725,169.3325,169.19250000000002,0.1599999999999966,0.020000000000010232,-0.03640912,False,False,False,False,False,fatha
31,12,117,123,ف,ف,169.3325,169.3925,169.35250000000002,0.060000000000002274,0.020000000000010232,-4.067093,False,False,False,False,False,fatha
31,12,118,124,َ,َ,169.3925,169.53250000000003,169.41250000000002,0.14000000000001478,0.020000000000010232,-0.001084812,False,False,False,False,False,fatha
31,12,119,125,ر,ر,169.53250000000003,169.5925,169.5525,0.05999999999997385,0.01999999999998181,-8.004316,False,False,False,False,False,fatha
31,12,120,126,َ,َ,169.5925,169.63250000000002,169.6125,0.040000000000020464,0.020000000000010232,-0.02378514,False,False,False,False,False,fatha
31,12,121,127, ,|,169.63250000000002,169.7525,169.6525,0.11999999999997613,0.01999999999998181,-4.611558,False,False,False,False,False,fatha
31,12,122,128,ف,ف,169.7525,169.8125,169.7725,0.060000000000002274,0.020000000000010232,-6.401334e-05,False,False,False,False,False,fatha
31,12,123,129,َ,َ,169.8125,169.9925,169.8325,0.18000000000000682,0.020000000000010232,-0.016842894,False,False,False,False,False,kasra
31,12,124,130,إ,إ,169.9925,170.03250000000003,170.01250000000002,0.040000000000020464,0.020000000000010232,-0.0035599212,False,False,False,False,False,kasra
31,12,125,131,ِ,ِ,170.03250000000003,170.85250000000002,170.07250000000002,0.8199999999999932,0.03999999999999204,-0.24926963,False,True,False,False,False,fatha
31,12,126,132,ن,ن,170.85250000000002,170.8725,170.8725,0.01999999999998181,0.01999999999998181,-1.3589766e-05,False,True,False,False,False,fatha
31,12,127,133,ّ,ّ,170.8725,170.9325,170.91250000000002,0.060000000000002274,0.040000000000020464,-0.25398228,False,False,False,False,False,fatha
31,12,128,134,َ,َ,170.9325,170.97250000000003,170.95250000000001,0.040000000000020464,0.020000000000010232,-0.0052518975,False,False,False,False,False,none
31,12,129,135, ,|,170.97250000000003,171.0525,171.0525,0.07999999999998408,0.07999999999998408,-0.066026844,False,False,False,False,False,none
31,12,130,136,ٱ,ا,171.0525,171.07250000000002,171.07250000000002,0.020000000000010232,0.020000000000010232,-0.0002497123,False,False,False,False,False,none
31,12,131,137,ل,ل,171.07250000000002,171.1125,171.0925,0.03999999999999204,0.01999999999998181,-2.6177256,False,True,False,False,False,fatha
31,12,132,138,ل,ل,171.1125,171.13250000000002,171.13250000000002,0.020000000000010232,0.020000000000010232,-0.00044610086,False,True,False,False,False,fatha
31,12,133,139,ّ,ّ,171.13250000000002,171.1525,171.1525,0.01999999999998181,0.01999999999998181,-12.612286,False,False,False,False,False,fatha
31,12,134,140,َ,َ,171.1525,171.1725,171.1725,0.020000000000010232,0.020000000000010232,-13.041722,False,False,False,False,False,fatha
31,12,135,141,ه,ه,171.1725,171.19250000000002,171.19250000000002,0.020000000000010232,0.020000000000010232,-18.12114,False,False,False,False,False,fatha
31,12,136,142,َ,َ,171.19250000000002,171.2125,171.2125,0.01999999999998181,0.01999999999998181,-15.828133,False,False,False,False,False,fatha
31,12,137,143, ,|,171.2125,171.23250000000002,171.23250000000002,0.020000000000010232,0.020000000000010232,-16.098635,False,False,False,False,False,fatha
31,12,138,144,غ,غ,171.23250000000002,171.29250000000002,171.2525,0.060000000000002274,0.01999999999998181,-21.57422,False,False,False,False,False,fatha
31,12,139,145,َ,َ,171.29250000000002,171.3125,171.3125,0.01999999999998181,0.01999999999998181,-15.40381,False,False,False,False,False,kasra
31,12,140,146,ن,ن,171.3125,171.3325,171.3325,0.020000000000010232,0.020000000000010232,-19.902346,False,False,False,False,False,kasra
31,12,141,147,ِ,ِ,171.3325,171.35250000000002,171.35250000000002,0.020000000000010232,0.020000000000010232,-12.609345,False,True,False,False,False,tanween
31,12,142,148,ى,ى,171.35250000000002,171.3725,171.3725,0.01999999999998181,0.01999999999998181,-13.307236,False,True,False,False,False,tanween
31,12,143,149,ّ,ّ,171.3725,171.3925,171.3925,0.020000000000010232,0.020000000000010232,-0.8717383,False,False,False,False,False,tanween
31,12,144,150,ٌ,ٌ,171.3925,171.41250000000002,171.41250000000002,0.020000000000010232,0.020000000000010232,-14.748351,False,False,False,False,False,fatha
31,12,145,151, ,|,171.41250000000002,171.4325,171.4325,0.01999999999998181,0.01999999999998181,-13.606364,False,False,False,False,False,fatha
31,12,146,152,ح,ح,171.4325,171.45250000000001,171.45250000000001,0.020000000000010232,0.020000000000010232,-15.888009,False,False,False,False,False,fatha
31,12,147,153,َ,َ,171.45250000000001,171.7125,171.47250000000003,0.2599999999999909,0.020000000000010232,-4.681192,False,False,False,False,False,kasra
31,12,148,154,م,م,171.7125,171.7525,171.73250000000002,0.03999999999999204,0.020000000000010232,-12.537153,False,False,False,False,False,kasra
31,12,149,155,ِ,ِ,171.7525,171.7725,171.7725,0.020000000000010232,0.020000000000010232,-14.298836,False,False,False,False,False,tanween
31,12,150,156,ي,ي,171.7725,171.79250000000002,171.79250000000002,0.020000000000010232,0.020000000000010232,-14.856873,False,False,False,False,False,tanween
31,12,151,157,د,د,171.79250000000002,171.8125,171.8125,0.01999999999998181,0.01999999999998181,-15.416472,False,False,False,False,False,tanween
31,12,152,158,ٌ,ٌ,171.8125,171.8565625,171.8325,0.04406249999999545,0.020000000000010232,-14.609781,False,False,False,False,False,none
31,13,0,0,و,و,175.1565625,175.1965625,175.17656250000002,0.03999999999999204,0.020000000000010232,-3.635817e-05,False,False,False,False,False,fatha
31,13,1,1,َ,َ,175.1965625,175.3365625,175.2165625,0.14000000000001478,0.020000000000010232,-0.29093826,False,False,False,False,False,kasra
31,13,2,2,إ,إ,175.3365625,175.39656250000002,175.3565625,0.060000000000002274,0.01999999999998181,-0.00089629047,False,False,False,False,False,kasra
31,13,3,3,ِ,ِ,175.39656250000002,175.51656250000002,175.4165625,0.12000000000000455,0.01999999999998181,-0.022787265,False,False,False,False,True,sukun
31,13,4,4,ذ,ذ,175.51656250000002,175.5765625,175.5365625,0.05999999999997385,0.01999999999998181,-0.0002607959,False,False,False,False,True,sukun
31,13,5,5,ْ,ْ,175.5765625,175.61656250000001,175.5965625,0.040000000000020464,0.020000000000010232,-0.93100065,False,False,False,False,False,fatha
31,13,6,6, ,|,175.61656250000001,175.7565625,175.67656250000002,0.13999999999998636,0.060000000000002274,-0.015543657,False,False,False,False,False,fatha
31,13,7,7,ق,ق,175.7565625,175.8565625,175.7765625,0.09999999999999432,0.020000000000010232,-0.00078730576,True,False,False,False,False,fatha
31,13,8,8,َ,َ,175.8565625,175.95656250000002,175.8765625,0.10000000000002274,0.020000000000010232,-1.1547202,False,False,False,False,False,fatha
31,13,9,9,ا,ا,175.95656250000002,176.1565625,175.9765625,0.19999999999998863,0.01999999999998181,-0.00020656837,False,False,False,False,False,fatha
31,13,10,10,ل,ل,176.1565625,176.23656250000002,176.17656250000002,0.0800000000000125,0.020000000000010232,-0.00092308817,False,False,False,False,False,fatha
31,13,11,11,َ,َ,176.23656250000002,176.2965625,176.2565625,0.05999999999997385,0.01999999999998181,-0.5163644,False,False,False,False,False,damma
31,13,12,12, ,|,176.2965625,176.39656250000002,176.3365625,0.10000000000002274,0.040000000000020464,-0.4735067,False,False,False,False,False,damma
31,13,13,13,ل,ل,176.39656250000002,176.4365625,176.4165625,0.03999999999999204,0.01999999999998181,-0.016633755,False,False,False,False,False,damma
31,13,14,14,ُ,ُ,176.4365625,176.6365625,176.45656250000002,0.19999999999998863,0.020000000000010232,-0.69879925,False,False,False,False,True,sukun
31,13,15,15,ق,ق,176.6365625,176.6965625,176.6565625,0.060000000000002274,0.020000000000010232,-0.14173418,True,False,False,False,True,sukun
31,13,16,16,ْ,ْ,176.6965625,176.8365625,176.7165625,0.14000000000001478,0.020000000000010232,-0.858168,False,False,True,False,False,fatha
31,13,17,17,م,م,176.8365625,176.9165625,176.8565625,0.07999999999998408,0.01999999999998181,-3.8260853,False,False,True,False,False,fatha
31,13,18,18,َ,َ,176.9165625,176.9965625,176.9365625,0.0800000000000125,0.020000000000010232,-3.4999418,False,False,True,False,False,none
31,13,19,20,ٰ,ا,176.9965625,177.23656250000002,177.01656250000002,0.2400000000000091,0.020000000000010232,-0.0022355346,False,False,False,False,False,damma
31,13,20,21,ن,ن,177.23656250000002,177.2965625,177.2565625,0.05999999999997385,0.01999999999998181,-0.00024351492,False,False,False,False,False,damma
31,13,21,22,ُ,ُ,177.2965625,177.3765625,177.3165625,0.0800000000000125,0.020000000000010232,-0.49209532,False,False,False,False,False,kasra
31,13,22,23, ,|,177.3765625,177.45656250000002,177.4165625,0.0800000000000125,0.03999999999999204,-0.17230195,False,False,False,False,False,kasra
31,13,23,24,ل,ل,177.45656250000002,177.51656250000002,177.4765625,0.060000000000002274,0.01999999999998181,-7.1284616e-05,False,False,False,False,False,kasra
31,13,24,25,ِ,ِ,177.51656250000002,177.5365625,177.5365625,0.01999999999998181,0.01999999999998181,-0.07691196,False,False,False,False,False,sukun
31,13,25,26,ٱ,ا,177.5365625,177.6565625,177.5565625,0.12000000000000455,0.020000000000010232,-9.52356,False,False,False,False,True,sukun
31,13,26,27,ب,ب,177.6565625,177.73656250000002,177.67656250000002,0.0800000000000125,0.020000000000010232,-7.8057985,False,False,False,False,True,sukun
31,13,27,28,ْ,ْ,177.73656250000002,177.8765625,177.7565625,0.13999999999998636,0.01999999999998181,-4.741817,False,False,False,False,False,kasra
31,13,28,29,ن,ن,177.8765625,177.9165625,177.89656250000002,0.03999999999999204,0.020000000000010232,-0.27840662,False,False,False,False,False,kasra
31,13,29,30,ِ,ِ,177.9165625,178.0565625,177.9365625,0.14000000000001478,0.020000000000010232,-0.66509604,False,False,False,False,False,kasra
31,13,30,31,ه,ه,178.0565625,178.11656250000001,178.0765625,0.060000000000002274,0.01999999999998181,-0.65892977,False,False,False,False,False,kasra
31,13,31,32,ِ,ِ,178.11656250000001,178.39656250000002,178.1365625,0.28000000000000114,0.01999999999998181,-2.5285842,False,False,False,False,False,none
31,13,32,34, ,|,178.39656250000002,178.4965625,178.45656250000002,0.09999999999999432,0.060000000000002274,-0.0062007234,False,False,False,False,False,fatha
31,13,33,35,و,و,178.4965625,178.5565625,178.51656250000002,0.060000000000002274,0.020000000000010232,-2.2887922e-05,False,False,False,False,False,fatha
31,13,34,36,َ,َ,178.5565625,178.6965625,178.5765625,0.13999999999998636,0.01999999999998181,-0.19031908,False,False,False,False,False,damma
31,13,35,37,ه,ه,178.6965625,178.7565625,178.7165625,0.060000000000002274,0.020000000000010232,-7.903264e-05,False,False,False,False,False,damma
31,13,36,38,ُ,ُ,178.7565625,178.95656250000002,178.7765625,0.20000000000001705,0.020000000000010232,-1.619295,False,False,False,False,False,fatha
31,13,37,39,و,و,178.95656250000002,179.0365625,178.9765625,0.07999999999998408,0.01999999999998181,-9.9654004e-05,False,False,False,False,False,fatha
31,13,38,40,َ,َ,179.0365625,179.0965625,179.0565625,0.060000000000002274,0.020000000000010232,-0.10252209,False,False,False,False,False,fatha
31,13,39,41, ,|,179.0965625,179.1965625,179.1565625,0.09999999999999432,0.060000000000002274,-0.16447276,False,False,False,False,False,fatha
31,13,40,42,ي,ي,179.1965625,179.23656250000002,179.2165625,0.040000000000020464,0.020000000000010232,-5.471557e-05,False,False,False,False,False,fatha
31,13,41,43,َ,َ,179.23656250000002,179.39656250000002,179.2565625,0.1599999999999966,0.01999999999998181,-0.5360091,False,False,False,False,False,kasra
31,13,42,44,ع,ع,179.39656250000002,179.5365625,179.4165625,0.13999999999998636,0.01999999999998181,-0.025228247,False,False,False,False,False,kasra
31,13,43,45,ِ,ِ,179.5365625,179.6365625,179.5565625,0.09999999999999432,0.020000000000010232,-0.10853897,False,False,False,False,False,damma
31,13,44,46,ظ,ظ,179.6365625,179.7165625,179.6565625,0.0800000000000125,0.020000000000010232,-1.6533604,True,False,False,False,False,damma
31,13,45,47,ُ,ُ,179.7165625,179.8565625,179.73656250000002,0.13999999999998636,0.020000000000010232,-0.1489078,False,False,False,False,False,damma
31,13,46,48,ه,ه,179.8565625,179.9165625,179.8765625,0.060000000000002274,0.020000000000010232,-1.1566788,False,False,False,False,False,damma
31,13,47,49,ُ,ُ,179.9165625,180.17656250000002,179.9365625,0.2600000000000193,0.020000000000010232,-2.392821,False,False,False,False,False,none
31,13,48,51, ,|,180.17656250000002,180.2765625,180.23656250000002,0.09999999999999432,0.060000000000002274,-0.04251152,False,False,True,False,False,fatha
31,13,49,52,ي,ي,180.2765625,180.3365625,180.2965625,0.060000000000002274,0.01999999999998181,-7.867782e-06,False,False,True,False,False,fatha
31,13,50,53,َ,َ,180.3365625,180.4165625,180.3565625,0.07999999999998408,0.01999999999998181,-3.522208,False,False,True,False,False,none
31,13,51,55,ٰ,ا,180.4165625,180.6965625,180.4365625,0.28000000000000114,0.020000000000010232,-0.0062117367,False,False,False,False,False,damma
31,13,52,56,ب,ب,180.6965625,180.7565625,180.7165625,0.060000000000002274,0.020000000000010232,-0.9755855,False,False,False,False,False,damma
31,13,53,57,ُ,ُ,180.7565625,180.9165625,180.7765625,0.1599999999999966,0.020000000000010232,-0.60746306,False,False,False,False,False,fatha
31,13,54,58,ن,ن,180.9165625,180.9765625,180.9365625,0.060000000000002274,0.020000000000010232,-1.3961171,False,False,False,False,False,fatha
31,13,55,59,َ,َ,180.9765625,181.2765625,180.9965625,0.30000000000001137,0.020000000000010232,-0.05022505,False,True,False,False,False,fatha
31,13,56,60,ى,ى,181.2765625,181.3165625,181.2965625,0.03999999999999204,0.01999999999998181,-16.570807,False,True,False,False,False,fatha
31,13,57,61,ّ,ّ,181.3165625,181.39656250000002,181.3365625,0.0800000000000125,0.020000000000010232,-6.7668824,False,False,False,False,False,fatha
31,13,58,62,َ,َ,181.39656250000002,181.45656250000002,181.4165625,0.060000000000002274,0.01999999999998181,-9.516372,False,False,False,False,False,fatha
31,13,59,63, ,|,181.45656250000002,181.5365625,181.4965625,0.07999999999998408,0.03999999999999204,-0.13584925,False,False,False,False,False,fatha
31,13,60,64,ل,ل,181.5365625,181.5965625,181.5565625,0.060000000000002274,0.020000000000010232,-4.0530336e-05,False,False,False,False,False,fatha
31,13,61,65,َ,َ,181.5965625,181.67656250000002,181.61656250000001,0.0800000000000125,0.020000000000010232,-2.6876702,False,False,False,False,False,none
31,13,62,66,ا,ا,181.67656250000002,181.8165625,181.6965625,0.13999999999998636,0.01999999999998181,-0.007492063,False,False,False,False,False,damma
31,13,63,67, ,|,181.8165625,181.95656250000002,181.8565625,0.14000000000001478,0.03999999999999204,-0.0005645094,False,False,False,False,False,damma
31,13,64,68,ت,ت,181.95656250000002,182.01656250000002,181.9765625,0.060000000000002274,0.01999999999998181,-2.5868081e-05,False,False,False,False,False,damma
31,13,65,69,ُ,ُ,182.01656250000002,182.2165625,182.0365625,0.19999999999998863,0.01999999999998181,-0.006681601,False,False,False,False,True,sukun
31,13,66,70,ش,ش,182.2165625,182.2965625,182.23656250000002,0.07999999999998408,0.020000000000010232,-2.500062,False,False,False,False,True,sukun
31,13,67,71,ْ,ْ,182.2965625,182.39656250000002,182.3165625,0.10000000000002274,0.020000000000010232,-0.07776057,False,False,False,False,False,kasra
31,13,68,72,ر,ر,182.39656250000002,182.4365625,182.4165625,0.03999999999999204,0.01999999999998181,-0.0007547867,False,False,False,False,False,kasra
31,13,69,73,ِ,ِ,182.4365625,182.6365625,182.4765625,0.19999999999998863,0.03999999999999204,-0.060828418,False,False,False,False,True,sukun
31,13,70,74,ك,ك,182.6365625,182.67656250000002,182.6565625,0.040000000000020464,0.020000000000010232,-5.8410846e-05,False,False,False,False,True,sukun
31,13,71,75,ْ,ْ,182.67656250000002,182.6965625,182.6965625,0.01999999999998181,0.01999999999998181,-0.56588006,False,False,False,False,False,kasra
31,13,72,76, ,|,182.6965625,182.8365625,182.7565625,0.14000000000001478,0.060000000000002274,-0.07874494,False,False,False,False,False,kasra
31,13,73,77,ب,ب,182.8365625,182.89656250000002,182.8565625,0.060000000000002274,0.01999999999998181,-0.15362255,False,False,False,False,False,kasra
31,13,74,78,ِ,ِ,182.89656250000002,183.01656250000002,182.9165625,0.12000000000000455,0.01999999999998181,-0.0023561355,False,False,False,False,False,none
31,13,75,79,ٱ,ا,183.01656250000002,183.0765625,183.0565625,0.05999999999997385,0.03999999999999204,-0.2554662,False,False,False,False,False,none
31,13,76,80,ل,ل,183.0765625,183.2565625,183.11656250000001,0.18000000000000682,0.040000000000020464,-0.043542076,False,True,False,False,False,fatha
31,13,77,81,ل,ل,183.2565625,183.3165625,183.2765625,0.060000000000002274,0.020000000000010232,-0.0024229712,False,True,False,False,False,fatha
31,13,78,82,ّ,ّ,183.3165625,183.3365625,183.3365625,0.020000000000010232,0.020000000000010232,-1.1340508,False,False,False,False,False,fatha
31,13,79,83,َ,َ,183.3365625,183.7765625,183.3565625,0.4399999999999977,0.01999999999998181,-3.108795,False,False,False,False,False,kasra
31,13,80,84,ه,ه,183.7765625,183.8565625,183.7965625,0.07999999999998408,0.01999999999998181,-0.0030037307,False,False,False,False,False,kasra
31,13,81,85,ِ,ِ,183.8565625,184.5765625,183.8765625,0.7199999999999989,0.020000000000010232,-4.2819448,False,False,False,False,False,none
31,13,82,86, ,|,184.5765625,184.6965625,184.61656250000001,0.12000000000000455,0.040000000000020464,-0.0011113605,False,False,False,False,False,none
31,13,83,89,إ,إ,184.6965625,184.7565625,184.7165625,0.060000000000002274,0.020000000000010232,-0.0026877727,False,False,False,False,False,kasra
31,13,84,90,ِ,ِ,184.7565625,185.5365625,184.7765625,0.7800000000000011,0.020000000000010232,-0.004502635,False,True,False,False,False,fatha
31,13,85,91,ن,ن,185.5365625,185.5765625,185.5565625,0.03999999999999204,0.020000000000010232,-0.00013648532,False,True,False,False,False,fatha
31,13,86,92,ّ,ّ,185.5765625,185.5965625,185.5965625,0.020000000000010232,0.020000000000010232,-0.63700897,False,False,False,False,False,fatha
31,13,87,93,َ,َ,185.5965625,185.61656250000001,185.61656250000001,0.020000000000010232,0.020000000000010232,-0.28266454,False,False,False,False,False,none
31,13,88,94, ,|,185.61656250000001,185.6565625,185.6365625,0.03999999999999204,0.01999999999998181,-12.144029,False,False,False,False,False,none
31,13,89,95,ٱ,ا,185.6565625,185.7565625,185.67656250000002,0.09999999999999432,0.020000000000010232,-9.451274,False,False,False,False,False,none
31,13,90,96,ل,ل,185.7565625,185.95656250000002,185.7765625,0.20000000000001705,0.020000000000010232,-9.109497,False,True,False,False,False,kasra
31,13,91,97,ش,ش,185.95656250000002,185.9965625,185.9765625,0.03999999999999204,0.01999999999998181,-1.0330039,False,True,False,False,False,kasra
31,13,92,98,ّ,ّ,185.9965625,186.0565625,186.0565625,0.060000000000002274,0.060000000000002274,-0.11946875,False,False,False,False,False,kasra
31,13,93,99,ِ,ِ,186.0565625,186.1965625,186.0765625,0.13999999999998636,0.01999999999998181,-0.0024278471,False,False,False,False,True,sukun
31,13,94,100,ر,ر,186.1965625,186.23656250000002,186.2165625,0.040000000000020464,0.020000000000010232,-0.029305741,False,False,False,False,True,sukun
31,13,95,101,ْ,ْ,186.23656250000002,186.4165625,186.2565625,0.1799999999999784,0.01999999999998181,-0.40526316,False,False,False,False,False,fatha
31,13,96,102,ك,ك,186.4165625,186.4765625,186.4365625,0.060000000000002274,0.020000000000010232,-0.00028141352,False,False,False,False,False,fatha
31,13,97,103,َ,َ,186.4765625,186.51656250000002,186.4965625,0.040000000000020464,0.020000000000010232,-4.39695,False,False,False,False,False,fatha
31,13,98,104, ,|,186.51656250000002,186.61656250000001,186.5365625,0.09999999999999432,0.01999999999998181,-0.9455806,False,False,False,False,False,fatha
31,13,99,105,ل,ل,186.61656250000001,186.6565625,186.6365625,0.03999999999999204,0.01999999999998181,-0.36393642,False,False,False,False,False,fatha
31,13,100,106,َ,َ,186.6565625,186.8765625,186.6965625,0.21999999999999886,0.03999999999999204,-0.21633609,False,False,False,False,False,damma
31,13,101,107,ظ,ظ,186.8765625,186.9365625,186.89656250000002,0.060000000000002274,0.020000000000010232,-4.311692,True,False,False,False,False,damma
31,13,102,108,ُ,ُ,186.9365625,187.23656250000002,186.95656250000002,0.30000000000001137,0.020000000000010232,-0.0031954201,False,False,False,False,True,sukun
31,13,103,109,ل,ل,187.23656250000002,187.2765625,187.2565625,0.03999999999999204,0.01999999999998181,-0.5233717,False,False,False,False,True,sukun
31,13,104,110,ْ,ْ,187.2765625,187.2965625,187.2965625,0.01999999999998181,0.01999999999998181,-4.0446424,False,False,False,False,False,tanween
31,13,105,111,م,م,187.2965625,187.3365625,187.3165625,0.040000000000020464,0.020000000000010232,-3.0630085,False,False,False,False,False,tanween
31,13,106,112,ٌ,ٌ,187.3365625,187.4365625,187.3765625,0.09999999999999432,0.03999999999999204,-0.032192033,False,False,False,False,False,fatha
31,13,107,113, ,|,187.4365625,187.5765625,187.4765625,0.13999999999998636,0.03999999999999204,-0.40574658,False,False,False,False,False,fatha
31,13,108,114,ع,ع,187.5765625,187.5965625,187.5965625,0.020000000000010232,0.020000000000010232,-4.207452,False,False,False,False,False,fatha
31,13,109,115,َ,َ,187.5965625,187.61656250000001,187.61656250000001,0.020000000000010232,0.020000000000010232,-3.6379776,False,False,False,False,False,kasra
31,13,110,116,ظ,ظ,187.61656250000001,187.6365625,187.6365625,0.01999999999998181,0.01999999999998181,-9.193999,True,False,False,False,False,kasra
31,13,111,117,ِ,ِ,187.6365625,187.67656250000002,187.6565625,0.040000000000020464,0.020000000000010232,-9.497586,False,False,False,False,False,tanween
31,13,112,118,ي,ي,187.67656250000002,187.6965625,187.6965625,0.01999999999998181,0.01999999999998181,-13.122187,False,False,False,False,False,tanween
31,13,113,119,م,م,187.6965625,187.7165625,187.7165625,0.020000000000010232,0.020000000000010232,-5.7432985,False,False,False,False,False,tanween
31,13,114,120,ٌ,ٌ,187.7165625,187.75799999999998,187.73656250000002,0.04143749999997226,0.020000000000010232,-9.008814,False,False,False,False,False,none
31,14,0,0,و,و,189.778,189.838,189.798,0.060000000000002274,0.020000000000010232,-0.012059045,False,False,False,False,False,fatha
31,14,1,1,َ,َ,189.838,189.958,189.858,0.12000000000000455,0.020000000000010232,-0.0069412524,False,False,False,False,False,fatha
31,14,2,2,و,و,189.958,190.018,189.97799999999998,0.060000000000002274,0.01999999999998181,-0.23573758,False,False,False,False,False,fatha
31,14,3,3,َ,َ,190.018,190.358,190.03799999999998,0.3400000000000034,0.01999999999998181,-0.0011218452,False,True,False,False,False,fatha
31,14,4,4,ص,ص,190.358,190.418,190.398,0.060000000000002274,0.03999999999999204,-7.974783e-05,True,True,False,False,False,fatha
31,14,5,5,ّ,ّ,190.418,190.458,190.458,0.03999999999999204,0.03999999999999204,-0.053141348,False,False,False,False,False,fatha
31,14,6,6,َ,َ,190.458,190.59799999999998,190.498,0.13999999999998636,0.03999999999999204,-0.010761153,False,False,False,False,True,sukun
31,14,7,7,ي,ي,190.59799999999998,190.658,190.618,0.060000000000002274,0.020000000000010232,-1.4662635e-05,False,False,False,False,True,sukun
31,14,8,8,ْ,ْ,190.658,190.75799999999998,190.678,0.09999999999999432,0.020000000000010232,-3.5980804,False,False,False,False,False,fatha
31,14,9,9,ن,ن,190.75799999999998,190.838,190.778,0.0800000000000125,0.020000000000010232,-2.6702524e-05,False,False,False,False,False,fatha
31,14,10,10,َ,َ,190.838,190.878,190.858,0.03999999999999204,0.020000000000010232,-0.00012373159,False,False,False,False,False,none
31,14,11,11,ا,ا,190.878,190.918,190.898,0.040000000000020464,0.020000000000010232,-8.373352,False,False,False,False,False,none
31,14,12,12, ,|,190.918,190.958,190.958,0.03999999999999204,0.03999999999999204,-0.012007074,False,False,False,False,False,sukun
31,14,13,13,ٱ,ا,190.958,191.118,190.998,0.1599999999999966,0.03999999999999204,-0.303158,False,False,False,False,True,sukun
31,14,14,14,ل,ل,191.118,191.19799999999998,191.158,0.07999999999998408,0.03999999999999204,-0.06731717,False,False,False,False,True,sukun
31,14,15,15,ْ,ْ,191.19799999999998,191.238,191.218,0.040000000000020464,0.020000000000010232,-3.4920328,False,False,False,False,False,kasra
31,14,16,16,إ,إ,191.238,191.278,191.278,0.03999999999999204,0.03999999999999204,-0.000628754,False,False,False,False,False,kasra
31,14,17,17,ِ,ِ,191.278,191.838,191.338,0.5600000000000023,0.060000000000002274,-0.026664553,False,False,False,False,False,fatha
31,14,18,18,ن,ن,191.838,192.058,191.858,0.21999999999999886,0.020000000000010232,-0.0041409703,False,False,True,False,False,fatha
31,14,19,19,س,س,192.058,192.158,192.078,0.09999999999999432,0.020000000000010232,-1.5497088e-05,False,False,True,False,False,fatha
31,14,20,20,َ,َ,192.158,192.238,192.178,0.0800000000000125,0.020000000000010232,-0.010311779,False,False,True,False,False,none
31,14,21,22,ٰ,ا,192.238,192.47799999999998,192.25799999999998,0.23999999999998067,0.01999999999998181,-0.00019167017,False,False,False,False,False,fatha
31,14,22,23,ن,ن,192.47799999999998,192.53799999999998,192.518,0.060000000000002274,0.040000000000020464,-0.024908356,False,False,False,False,False,fatha
31,14,23,24,َ,َ,192.53799999999998,192.618,192.558,0.0800000000000125,0.020000000000010232,-0.00087782944,False,False,False,False,False,kasra
31,14,24,25, ,|,192.618,192.718,192.658,0.09999999999999432,0.03999999999999204,-0.000112109425,False,False,False,False,False,kasra
31,14,25,26,ب,ب,192.718,192.778,192.738,0.060000000000002274,0.020000000000010232,-5.044721,False,False,True,False,False,kasra
31,14,26,27,ِ,ِ,192.778,192.918,192.798,0.14000000000001478,0.020000000000010232,-0.0005117537,False,False,True,False,False,fatha
31,14,27,28,و,و,192.918,192.998,192.938,0.07999999999998408,0.01999999999998181,-0.00018487652,False,False,True,False,False,fatha
31,14,28,29,َ,َ,192.998,193.058,193.018,0.060000000000002274,0.020000000000010232,-0.011812854,False,False,True,False,False,kasra
31,14,29,30,ٰ,ا,193.058,193.31799999999998,193.078,0.2599999999999909,0.020000000000010232,-0.00016509123,False,False,False,False,False,kasra
31,14,30,31,ل,ل,193.31799999999998,193.398,193.358,0.0800000000000125,0.040000000000020464,-0.20240872,False,False,False,False,False,kasra
31,14,31,32,ِ,ِ,193.398,193.53799999999998,193.418,0.13999999999998636,0.020000000000010232,-0.0019819157,False,False,False,False,False,fatha
31,14,32,33,د,د,193.53799999999998,193.618,193.558,0.0800000000000125,0.020000000000010232,-0.044421047,False,False,False,False,False,fatha
31,14,33,34,َ,َ,193.618,193.738,193.638,0.12000000000000455,0.020000000000010232,-0.0020969561,False,False,False,False,True,sukun
31,14,34,35,ي,ي,193.738,193.81799999999998,193.75799999999998,0.07999999999998408,0.01999999999998181,-0.25184074,False,False,False,False,True,sukun
31,14,35,36,ْ,ْ,193.81799999999998,193.938,193.838,0.12000000000000455,0.020000000000010232,-2.9523706,False,False,False,False,False,kasra
31,14,36,37,ه,ه,193.938,193.998,193.958,0.060000000000002274,0.020000000000010232,-0.0022291115,False,False,False,False,False,kasra
31,14,37,38,ِ,ِ,193.998,194.058,194.018,0.060000000000002274,0.020000000000010232,-0.001985009,False,False,False,False,False,fatha
31,14,38,39, ,|,194.058,194.178,194.09799999999998,0.12000000000000455,0.03999999999999204,-0.012382365,False,False,False,False,False,fatha
31,14,39,40,ح,ح,194.178,194.238,194.19799999999998,0.060000000000002274,0.01999999999998181,-1.883489e-05,False,False,False,False,False,fatha
31,14,40,41,َ,َ,194.238,194.398,194.278,0.1599999999999966,0.03999999999999204,-0.0022391446,False,False,False,False,False,fatha
31,14,41,42,م,م,194.398,194.458,194.418,0.060000000000002274,0.020000000000010232,-3.0397907e-05,False,False,False,False,False,fatha
31,14,42,43,َ,َ,194.458,194.618,194.498,0.1599999999999966,0.03999999999999204,-0.1048341,False,False,False,False,False,fatha
31,14,43,44,ل,ل,194.618,194.678,194.638,0.060000000000002274,0.020000000000010232,-0.003268735,False,False,False,False,False,fatha
31,14,44,45,َ,َ,194.678,194.918,194.69799999999998,0.2400000000000091,0.01999999999998181,-0.0010174104,False,False,False,False,True,sukun
31,14,45,46,ت,ت,194.918,194.998,194.938,0.07999999999998408,0.01999999999998181,-0.0104638515,False,False,False,False,True,sukun
31,14,46,47,ْ,ْ,194.998,195.018,195.018,0.020000000000010232,0.020000000000010232,-5.420316,False,False,False,False,False,damma
31,14,47,48,ه,ه,195.018,195.03799999999998,195.03799999999998,0.01999999999998181,0.01999999999998181,-1.7968526,False,False,False,False,False,damma
31,14,48,49,ُ,ُ,195.03799999999998,195.178,195.058,0.14000000000001478,0.020000000000010232,-1.9937553,False,False,False,False,False,damma
31,14,49,50, ,|,195.178,195.278,195.218,0.09999999999999432,0.03999999999999204,-0.000601221,False,False,False,False,False,damma
31,14,50,51,أ,أ,195.278,195.338,195.298,0.060000000000002274,0.020000000000010232,-0.005889325,False,False,False,False,False,damma
31,14,51,52,ُ,ُ,195.338,196.25799999999998,195.378,0.9199999999999875,0.03999999999999204,-0.001933207,False,True,False,False,False,damma
31,14,52,53,م,م,196.25799999999998,196.278,196.278,0.020000000000010232,0.020000000000010232,-0.00027903,False,True,False,False,False,damma
31,14,53,54,ّ,ّ,196.278,196.338,196.338,0.060000000000002274,0.060000000000002274,-0.09208546,False,False,False,False,False,damma
31,14,54,55,ُ,ُ,196.338,196.458,196.358,0.12000000000000455,0.020000000000010232,-4.74323,False,False,False,False,False,damma
31,14,55,56,ه,ه,196.458,196.53799999999998,196.47799999999998,0.07999999999998408,0.01999999999998181,-0.000203112,False,False,False,False,False,damma
31,14,56,57,ُ,ُ,196.53799999999998,196.838,196.558,0.30000000000001137,0.020000000000010232,-0.58354145,False,False,False,False,False,none
31,14,57,59, ,|,196.838,196.918,196.878,0.0800000000000125,0.03999999999999204,-0.03476473,False,False,False,False,False,fatha
31,14,58,60,و,و,196.918,196.958,196.938,0.03999999999999204,0.01999999999998181,-0.0005797851,False,False,False,False,False,fatha
31,14,59,61,َ,َ,196.958,197.078,196.998,0.12000000000000455,0.03999999999999204,-0.34532928,False,False,False,False,True,sukun
31,14,60,62,ه,ه,197.078,197.138,197.09799999999998,0.060000000000002274,0.01999999999998181,-0.005329686,False,False,False,False,True,sukun
31,14,61,63,ْ,ْ,197.138,197.298,197.158,0.1599999999999966,0.01999999999998181,-2.0596902,False,False,False,False,False,tanween
31,14,62,64,ن,ن,197.298,197.378,197.31799999999998,0.07999999999998408,0.01999999999998181,-0.098547235,False,False,False,False,False,tanween
31,14,63,65,ً,ً,197.378,197.498,197.398,0.12000000000000455,0.020000000000010232,-8.053799,False,False,False,False,False,none
31,14,64,66,ا,ا,197.498,197.638,197.518,0.14000000000001478,0.020000000000010232,-1.4627435,False,False,False,False,False,fatha
31,14,65,67, ,|,197.638,197.738,197.658,0.09999999999999432,0.01999999999998181,-1.8366516,False,False,False,False,False,fatha
31,14,66,68,ع,ع,197.738,197.778,197.75799999999998,0.03999999999999204,0.01999999999998181,-0.0009021265,False,False,False,False,False,fatha
31,14,67,69,َ,َ,197.778,197.998,197.81799999999998,0.21999999999999886,0.03999999999999204,-0.30312228,False,False,True,False,False,fatha
31,14,68,70,ل,ل,197.998,198.058,198.018,0.060000000000002274,0.020000000000010232,-0.0003126371,False,False,True,False,False,fatha
31,14,69,71,َ,َ,198.058,198.138,198.078,0.0800000000000125,0.020000000000010232,-1.9909911,False,False,True,False,False,none
31,14,70,72,ى,ى,198.138,198.218,198.158,0.07999999999998408,0.01999999999998181,-0.0040087113,False,False,True,False,False,none
31,14,71,73,ٰ,ا,198.218,198.31799999999998,198.238,0.09999999999999432,0.020000000000010232,-9.812059,False,False,False,False,False,fatha
31,14,72,74, ,|,198.31799999999998,198.398,198.378,0.0800000000000125,0.060000000000002274,-0.11226907,False,False,False,False,False,fatha
31,14,73,75,و,و,198.398,198.458,198.438,0.060000000000002274,0.03999999999999204,-0.0053804936,False,False,False,False,False,fatha
31,14,74,76,َ,َ,198.458,198.578,198.498,0.12000000000000455,0.03999999999999204,-0.17938119,False,False,False,False,True,sukun
31,14,75,77,ه,ه,198.578,198.638,198.618,0.060000000000002274,0.03999999999999204,-0.23287246,False,False,False,False,True,sukun
31,14,76,78,ْ,ْ,198.638,198.81799999999998,198.658,0.1799999999999784,0.01999999999998181,-0.4080295,False,False,False,False,False,tanween
31,14,77,79,ن,ن,198.81799999999998,198.858,198.838,0.040000000000020464,0.020000000000010232,-3.4151964,False,False,False,False,False,tanween
31,14,78,80,ٍ,ٍ,198.858,199.778,198.878,0.9199999999999875,0.01999999999998181,-5.9602895,False,False,False,False,False,none
31,14,79,82, ,|,199.778,199.878,199.838,0.09999999999999432,0.060000000000002274,-0.034419935,False,False,False,False,False,fatha
31,14,80,83,و,و,199.878,199.918,199.898,0.040000000000020464,0.020000000000010232,-0.02314784,False,False,False,False,False,fatha
31,14,81,84,َ,َ,199.918,200.058,199.958,0.13999999999998636,0.03999999999999204,-0.024140837,False,False,False,False,False,kasra
31,14,82,85,ف,ف,200.058,200.09799999999998,200.078,0.03999999999999204,0.020000000000010232,-0.0016204095,False,False,False,False,False,kasra
31,14,83,86,ِ,ِ,200.09799999999998,200.298,200.138,0.20000000000001705,0.040000000000020464,-0.20310284,False,False,True,False,False,fatha
31,14,84,87,ص,ص,200.298,200.398,200.338,0.09999999999999432,0.03999999999999204,-0.0031265041,True,False,True,False,False,fatha
31,14,85,88,َ,َ,200.398,200.498,200.438,0.09999999999999432,0.03999999999999204,-0.042719945,False,False,True,False,False,none
31,14,86,90,ٰ,ا,200.498,200.69799999999998,200.518,0.19999999999998863,0.020000000000010232,-0.0007507366,False,False,False,False,False,damma
31,14,87,91,ل,ل,200.69799999999998,200.75799999999998,200.718,0.060000000000002274,0.020000000000010232,-0.00042405672,False,False,False,False,False,damma
31,14,88,92,ُ,ُ,200.75799999999998,200.958,200.778,0.20000000000001705,0.020000000000010232,-0.12550251,False,False,False,False,False,damma
31,14,89,93,ه,ه,200.958,201.018,200.97799999999998,0.060000000000002274,0.01999999999998181,-0.01098714,False,False,False,False,False,damma
31,14,90,94,ُ,ُ,201.018,201.238,201.03799999999998,0.21999999999999886,0.01999999999998181,-2.1274793,False,False,False,False,False,none
31,14,91,96, ,|,201.238,201.338,201.278,0.09999999999999432,0.03999999999999204,-0.0013604524,False,False,False,False,False,kasra
31,14,92,97,ف,ف,201.338,201.398,201.358,0.060000000000002274,0.020000000000010232,-6.15101e-05,False,False,False,False,False,kasra
31,14,93,98,ِ,ِ,201.398,201.47799999999998,201.438,0.07999999999998408,0.03999999999999204,-0.013229248,False,False,False,False,False,none
31,14,94,99,ى,ى,201.47799999999998,201.578,201.498,0.10000000000002274,0.020000000000010232,-15.456343,False,False,False,False,False,fatha
31,14,95,100, ,|,201.578,201.658,201.618,0.07999999999998408,0.03999999999999204,-0.01698495,False,False,False,False,False,fatha
31,14,96,101,ع,ع,201.658,201.718,201.678,0.060000000000002274,0.020000000000010232,-11.454645,False,False,False,False,False,fatha
31,14,97,102,َ,َ,201.718,201.81799999999998,201.75799999999998,0.09999999999999432,0.03999999999999204,-0.06404402,False,False,False,False,False,fatha
31,14,98,103,ا,ا,201.81799999999998,202.238,201.838,0.4200000000000159,0.020000000000010232,-1.0531863,False,False,False,False,False,fatha
31,14,99,104,م,م,202.238,202.31799999999998,202.25799999999998,0.07999999999998408,0.01999999999998181,-0.00047612775,False,False,False,False,False,fatha
31,14,100,105,َ,َ,202.31799999999998,202.498,202.338,0.18000000000000682,0.020000000000010232,-0.0021439441,False,False,False,False,True,sukun
31,14,101,106,ي,ي,202.498,202.578,202.518,0.0800000000000125,0.020000000000010232,-0.0013246104,False,False,False,False,True,sukun
31,14,102,107,ْ,ْ,202.578,202.998,202.59799999999998,0.4199999999999875,0.01999999999998181,-4.357041,False,False,False,False,False,kasra
31,14,103,108,ن,ن,202.998,203.03799999999998,203.018,0.03999999999999204,0.020000000000010232,-1.142537,False,False,False,False,False,kasra
31,14,104,109,ِ,ِ,203.03799999999998,204.53799999999998,203.058,1.5,0.020000000000010232,-6.719808,False,False,False,False,False,fatha
31,14,105,110, ,|,204.53799999999998,204.638,204.578,0.10000000000002274,0.040000000000020464,-0.36433688,False,False,False,False,False,fatha
31,14,106,111,أ,أ,204.638,204.678,204.658,0.03999999999999204,0.01999999999998181,-14.363485,False,False,False,False,False,fatha
31,14,107,112,َ,َ,204.678,204.878,204.718,0.19999999999998863,0.03999999999999204,-0.20944107,False,False,False,False,False,kasra
31,14,108,113,ن,ن,204.878,204.918,204.898,0.040000000000020464,0.020000000000010232,-12.119721,False,False,False,False,False,kasra
31,14,109,114,ِ,ِ,204.918,205.09799999999998,204.938,0.1799999999999784,0.01999999999998181,-0.00019417307,False,False,False,False,False,none
31,14,110,115, ,|,205.09799999999998,205.25799999999998,205.118,0.1599999999999966,0.020000000000010232,-14.4382925,False,False,False,False,False,sukun
31,14,111,116,ٱ,ا,205.25799999999998,205.478,205.278,0.22000000000002728,0.020000000000010232,-0.00012420837,False,False,False,False,True,sukun
31,14,112,117,ش,ش,205.478,205.53799999999998,205.498,0.05999999999997385,0.01999999999998181,-16.720675,False,False,False,False,True,sukun
31,14,113,118,ْ,ْ,205.53799999999998,205.678,205.558,0.14000000000001478,0.020000000000010232,-9.285767,False,False,False,False,False,damma
31,14,114,119,ك,ك,205.678,205.738,205.69799999999998,0.060000000000002274,0.01999999999998181,-13.368976,False,False,False,False,False,damma
31,14,115,120,ُ,ُ,205.738,205.75799999999998,205.75799999999998,0.01999999999998181,0.01999999999998181,-1.740016,False,False,False,False,True,sukun
31,14,116,121,ر,ر,205.75799999999998,205.978,205.778,0.22000000000002728,0.020000000000010232,-14.724836,False,False,False,False,True,sukun
31,14,117,122,ْ,ْ,205.978,205.998,205.998,0.01999999999998181,0.01999999999998181,-13.719347,False,False,False,False,False,kasra
31,14,118,123, ,|,205.998,206.09799999999998,206.018,0.09999999999999432,0.020000000000010232,-6.0437284e-05,False,False,False,False,False,kasra
31,14,119,124,ل,ل,206.09799999999998,206.158,206.118,0.060000000000002274,0.020000000000010232,-15.99173,False,False,False,False,False,kasra
31,14,120,125,ِ,ِ,206.158,206.238,206.178,0.0800000000000125,0.020000000000010232,-0.012301643,False,False,False,False,False,none
31,14,121,126,ى,ى,206.238,206.378,206.25799999999998,0.13999999999998636,0.01999999999998181,-15.017477,False,False,False,False,False,fatha
31,14,122,127, ,|,206.378,206.898,206.398,0.5200000000000102,0.020000000000010232,-0.1416808,False,False,False,False,False,fatha
31,14,123,128,و,و,206.898,206.978,206.918,0.0800000000000125,0.020000000000010232,-12.374101,False,False,False,False,False,fatha
31,14,124,129,َ,َ,206.978,207.298,206.998,0.3199999999999932,0.01999999999998181,-0.03954203,False,False,False,False,False,kasra
31,14,125,130,ل,ل,207.298,207.358,207.31799999999998,0.060000000000002274,0.01999999999998181,-4.453908,False,False,True,False,False,kasra
31,14,126,131,ِ,ِ,207.358,207.498,207.378,0.13999999999998636,0.01999999999998181,-0.025112119,False,False,True,False,False,fatha
31,14,127,132,و,و,207.498,207.558,207.518,0.060000000000002274,0.020000000000010232,-13.140346,False,False,True,False,False,fatha
31,14,128,133,َ,َ,207.558,207.578,207.578,0.020000000000010232,0.020000000000010232,-0.00065269624,False,False,True,False,False,kasra
31,14,129,134,ٰ,ا,207.578,207.69799999999998,207.59799999999998,0.11999999999997613,0.01999999999998181,-9.992688,False,False,False,False,False,kasra
31,14,130,135,ل,ل,207.69799999999998,207.738,207.718,0.040000000000020464,0.020000000000010232,-1.6962372,False,False,False,False,False,kasra
31,14,131,136,ِ,ِ,207.738,207.798,207.778,0.060000000000002274,0.03999999999999204,-0.70268077,False,False,False,False,False,fatha
31,14,132,137,د,د,207.798,207.81799999999998,207.81799999999998,0.01999999999998181,0.01999999999998181,-12.835085,False,False,False,False,False,fatha
31,14,133,138,َ,َ,207.81799999999998,207.938,207.838,0.12000000000000455,0.020000000000010232,-11.320805,False,False,False,False,True,sukun
31,14,134,139,ي,ي,207.938,207.978,207.958,0.040000000000020464,0.020000000000010232,-8.549991,False,False,False,False,True,sukun
31,14,135,140,ْ,ْ,207.978,208.138,207.998,0.1599999999999966,0.01999999999998181,-0.88252884,False,False,False,False,False,fatha
31,14,136,141,ك,ك,208.138,208.218,208.158,0.07999999999998408,0.01999999999998181,-3.2248263,False,False,False,False,False,fatha
31,14,137,142,َ,َ,208.218,208.438,208.238,0.21999999999999886,0.020000000000010232,-4.5228934,False,False,False,False,False,kasra
31,14,138,143, ,|,208.438,208.458,208.458,0.020000000000010232,0.020000000000010232,-1.5211927,False,False,False,False,False,kasra
31,14,139,144,إ,إ,208.458,208.53799999999998,208.478,0.07999999999998408,0.020000000000010232,-15.060385,False,False,False,False,False,kasra
31,14,140,145,ِ,ِ,208.53799999999998,208.558,208.558,0.020000000000010232,0.020000000000010232,-13.003244,False,False,False,False,False,fatha
31,14,141,146,ل,ل,208.558,208.618,208.578,0.060000000000002274,0.020000000000010232,-0.0019307559,False,False,False,False,False,fatha
31,14,142,147,َ,َ,208.618,208.69799999999998,208.638,0.07999999999998408,0.020000000000010232,-9.846029,False,True,False,False,False,fatha
31,14,143,148,ى,ى,208.69799999999998,208.718,208.718,0.020000000000010232,0.020000000000010232,-11.83701,False,True,False,False,False,fatha
31,14,144,149,ّ,ّ,208.718,208.838,208.738,0.12000000000000455,0.020000000000010232,-13.075659,False,False,False,False,False,fatha
31,14,145,150,َ,َ,208.838,208.858,208.858,0.020000000000010232,0.020000000000010232,-13.453526,False,False,False,False,False,none
31,14,146,151, ,|,208.858,208.978,208.898,0.12000000000000455,0.03999999999999204,-0.009690285,False,False,False,False,False,sukun
31,14,147,152,ٱ,ا,208.978,209.178,208.998,0.19999999999998863,0.01999999999998181,-14.895596,False,False,False,False,True,sukun
31,14,148,153,ل,ل,209.178,209.238,209.218,0.060000000000002274,0.03999999999999204,-0.14580745,False,False,False,False,True,sukun
31,14,149,154,ْ,ْ,209.238,209.398,209.25799999999998,0.1599999999999966,0.01999999999998181,-5.1417346,False,False,False,False,False,fatha
31,14,150,155,م,م,209.398,209.438,209.418,0.03999999999999204,0.020000000000010232,-6.126409,False,False,False,False,False,fatha
31,14,151,156,َ,َ,209.438,209.458,209.458,0.020000000000010232,0.020000000000010232,-0.38859576,False,False,False,False,False,kasra
31,14,152,157,ص,ص,209.458,209.478,209.478,0.020000000000010232,0.020000000000010232,-14.097078,True,False,False,False,False,kasra
31,14,153,158,ِ,ِ,209.478,209.498,209.498,0.01999999999998181,0.01999999999998181,-9.254474,False,False,False,False,False,damma
31,14,154,159,ي,ي,209.498,209.518,209.518,0.020000000000010232,0.020000000000010232,-12.656086,False,False,False,False,False,damma
31,14,155,160,ر,ر,209.518,209.53799999999998,209.53799999999998,0.01999999999998181,0.01999999999998181,-5.633421,False,False,False,False,False,damma
31,14,156,161,ُ,ُ,209.53799999999998,209.5774375,209.558,0.039437500000019554,0.020000000000010232,-15.469387,False,False,False,False,False,none
31,15,0,0,و,و,209.43743750000002,210.5374375,209.45743750000003,1.0999999999999943,0.020000000000010232,-0.0030346317,False,False,False,False,False,fatha
31,15,1,1,َ,َ,210.5374375,210.71743750000002,210.5774375,0.18000000000000682,0.03999999999999204,-0.0038168915,False,False,False,False,False,kasra
31,15,2,2,إ,إ,210.71743750000002,210.77743750000002,210.73743750000003,0.060000000000002274,0.020000000000010232,-0.020271856,False,False,False,False,False,kasra
31,15,3,3,ِ,ِ,210.77743750000002,210.9174375,210.7974375,0.13999999999998636,0.01999999999998181,-0.008652459,False,False,False,False,False,none
31,15,4,4,ن,ن,210.9174375,211.4774375,210.93743750000002,0.5600000000000023,0.020000000000010232,-11.394604,False,False,False,False,False,fatha
31,15,5,5, ,|,211.4774375,211.7574375,211.5174375,0.28000000000000114,0.03999999999999204,-0.052338198,False,False,True,False,False,fatha
31,15,6,6,ج,ج,211.7574375,211.8174375,211.77743750000002,0.060000000000002274,0.020000000000010232,-12.519861,False,False,True,False,False,fatha
31,15,7,7,َ,َ,211.8174375,211.99743750000002,211.8574375,0.18000000000000682,0.03999999999999204,-0.30195907,False,False,True,False,False,none
31,15,8,9,ٰ,ا,211.99743750000002,212.55743750000002,212.0174375,0.5600000000000023,0.01999999999998181,-16.241308,False,False,False,False,False,fatha
31,15,9,10,ه,ه,212.55743750000002,213.67743750000002,212.5774375,1.1200000000000045,0.01999999999998181,-7.0200844,False,False,False,False,False,fatha
31,15,10,11,َ,َ,213.67743750000002,215.51743750000003,213.71743750000002,1.8400000000000034,0.03999999999999204,-0.329471,False,False,False,False,False,fatha
31,15,11,12,د,د,215.51743750000003,215.5774375,215.5374375,0.05999999999997385,0.01999999999998181,-0.08885438,False,False,False,False,False,fatha
31,15,12,13,َ,َ,215.5774375,215.6374375,215.5974375,0.060000000000002274,0.020000000000010232,-0.30921316,False,False,False,False,False,fatha
31,15,13,14,ا,ا,215.6374375,215.89743750000002,215.65743750000001,0.2600000000000193,0.020000000000010232,-0.00263332,False,False,False,False,False,fatha
31,15,14,15,ك,ك,215.89743750000002,215.9774375,215.9174375,0.07999999999998408,0.01999999999998181,-0.0002630603,False,False,False,False,False,fatha
31,15,15,16,َ,َ,215.9774375,216.0374375,215.99743750000002,0.060000000000002274,0.020000000000010232,-4.2258787,False,False,False,False,False,fatha
31,15,16,17, ,|,216.0374375,216.1374375,216.0974375,0.09999999999999432,0.060000000000002274,-0.07376891,False,False,False,False,False,fatha
31,15,17,18,ع,ع,216.1374375,216.17743750000002,216.15743750000001,0.040000000000020464,0.020000000000010232,-0.0024995534,False,False,False,False,False,fatha
31,15,18,19,َ,َ,216.17743750000002,216.33743750000002,216.21743750000002,0.1599999999999966,0.03999999999999204,-0.13728793,False,False,True,False,False,fatha
31,15,19,20,ل,ل,216.33743750000002,216.3774375,216.3574375,0.03999999999999204,0.01999999999998181,-0.0043655573,False,False,True,True,False,fatha
31,15,20,21,َ,َ,216.3774375,216.39743750000002,216.39743750000002,0.020000000000010232,0.020000000000010232,-2.2869112,False,False,True,True,False,none
31,15,21,22,ى,ى,216.39743750000002,216.4174375,216.4174375,0.01999999999998181,0.01999999999998181,-7.336758,False,False,True,True,False,none
31,15,22,23,ٰ,ا,216.4174375,216.45743750000003,216.43743750000002,0.040000000000020464,0.020000000000010232,-11.659462,False,False,False,True,False,none
31,15,23,24,ٓ,ا,216.45743750000003,217.6974375,216.4774375,1.2399999999999807,0.01999999999998181,-4.9838343,False,False,False,False,False,fatha
31,15,24,25, ,|,217.6974375,217.7574375,217.71743750000002,0.060000000000002274,0.020000000000010232,-0.17346007,False,False,False,False,False,fatha
31,15,25,26,أ,أ,217.7574375,217.8174375,217.77743750000002,0.060000000000002274,0.020000000000010232,-0.103626356,False,False,False,False,False,fatha
31,15,26,27,َ,َ,217.8174375,218.1374375,217.83743750000002,0.3199999999999932,0.020000000000010232,-0.0016094601,False,False,False,False,False,none
31,15,27,28,ن,ن,218.1374375,218.5374375,218.15743750000001,0.4000000000000057,0.020000000000010232,-0.040651653,False,False,False,False,False,damma
31,15,28,29, ,|,218.5374375,218.6974375,218.5974375,0.1599999999999966,0.060000000000002274,-0.32396603,False,False,False,False,False,damma
31,15,29,30,ت,ت,218.6974375,218.7574375,218.71743750000002,0.060000000000002274,0.020000000000010232,-0.0009120119,False,False,False,False,False,damma
31,15,30,31,ُ,ُ,218.7574375,218.93743750000002,218.77743750000002,0.18000000000000682,0.020000000000010232,-0.5207314,False,False,False,False,True,sukun
31,15,31,32,ش,ش,218.93743750000002,219.01743750000003,218.95743750000003,0.0800000000000125,0.020000000000010232,-9.8342825e-05,False,False,False,False,True,sukun
31,15,32,33,ْ,ْ,219.01743750000003,219.11743750000002,219.0374375,0.09999999999999432,0.01999999999998181,-0.005947511,False,False,False,False,False,kasra
31,15,33,34,ر,ر,219.11743750000002,219.17743750000002,219.1374375,0.060000000000002274,0.01999999999998181,-7.259582e-05,False,False,False,False,False,kasra
31,15,34,35,ِ,ِ,219.17743750000002,219.33743750000002,219.1974375,0.1599999999999966,0.01999999999998181,-6.687418e-05,False,False,False,False,False,fatha
31,15,35,36,ك,ك,219.33743750000002,219.39743750000002,219.3574375,0.060000000000002274,0.01999999999998181,-0.00014542475,False,False,False,False,False,fatha
31,15,36,37,َ,َ,219.39743750000002,219.45743750000003,219.4174375,0.060000000000002274,0.01999999999998181,-0.00061767094,False,False,False,False,False,kasra
31,15,37,38, ,|,219.45743750000003,219.5774375,219.49743750000002,0.11999999999997613,0.03999999999999204,-0.0009859576,False,False,False,False,False,kasra
31,15,38,39,ب,ب,219.5774375,219.6374375,219.5974375,0.060000000000002274,0.020000000000010232,-6.120419,False,False,False,False,False,kasra
31,15,39,40,ِ,ِ,219.6374375,219.7374375,219.65743750000001,0.09999999999999432,0.020000000000010232,-0.17107467,False,False,False,False,False,none
31,15,40,41,ى,ى,219.7374375,219.8574375,219.7574375,0.12000000000000455,0.020000000000010232,-12.080702,False,False,False,False,False,fatha
31,15,41,42, ,|,219.8574375,219.95743750000003,219.89743750000002,0.10000000000002274,0.040000000000020464,-0.26498127,False,False,False,False,False,fatha
31,15,42,43,م,م,219.95743750000003,220.01743750000003,219.9774375,0.060000000000002274,0.01999999999998181,-2.1695856e-05,False,False,False,False,False,fatha
31,15,43,44,َ,َ,220.01743750000003,220.0974375,220.0374375,0.07999999999998408,0.01999999999998181,-5.1620016,False,False,False,False,False,none
31,15,44,45,ا,ا,220.0974375,220.2974375,220.11743750000002,0.19999999999998863,0.020000000000010232,-0.0002237308,False,False,False,False,False,fatha
31,15,45,46, ,|,220.2974375,220.3774375,220.3174375,0.0800000000000125,0.020000000000010232,-0.29685923,False,False,False,False,False,fatha
31,15,46,47,ل,ل,220.3774375,220.4174375,220.39743750000002,0.03999999999999204,0.020000000000010232,-6.305973e-05,False,False,False,False,False,fatha
31,15,47,48,َ,َ,220.4174375,220.55743750000002,220.45743750000003,0.14000000000001478,0.040000000000020464,-0.21994689,False,False,False,False,True,sukun
31,15,48,49,ي,ي,220.55743750000002,220.61743750000002,220.5774375,0.060000000000002274,0.01999999999998181,-0.00039116837,False,False,False,False,True,sukun
31,15,49,50,ْ,ْ,220.61743750000002,220.77743750000002,220.6374375,0.1599999999999966,0.01999999999998181,-0.6818989,False,False,False,False,False,fatha
31,15,50,51,س,س,220.77743750000002,220.8574375,220.7974375,0.07999999999998408,0.01999999999998181,-7.903264e-05,False,False,False,False,False,fatha
31,15,51,52,َ,َ,220.8574375,220.9174375,220.89743750000002,0.060000000000002274,0.040000000000020464,-0.009800188,False,False,False,False,False,fatha
31,15,52,53, ,|,220.9174375,220.99743750000002,220.93743750000002,0.0800000000000125,0.020000000000010232,-2.7533772,False,False,False,False,False,fatha
31,15,53,54,ل,ل,220.99743750000002,221.0374375,221.01743750000003,0.03999999999999204,0.020000000000010232,-0.00017605662,False,False,False,False,False,fatha
31,15,54,55,َ,َ,221.0374375,221.21743750000002,221.0774375,0.18000000000000682,0.03999999999999204,-0.094095245,False,False,False,False,False,fatha
31,15,55,56,ك,ك,221.21743750000002,221.2574375,221.2374375,0.03999999999999204,0.01999999999998181,-0.0001753415,False,False,False,False,False,fatha
31,15,56,57,َ,َ,221.2574375,221.3174375,221.2974375,0.060000000000002274,0.03999999999999204,-0.045012023,False,False,False,False,False,kasra
31,15,57,58, ,|,221.3174375,221.4174375,221.3574375,0.09999999999999432,0.03999999999999204,-0.0036855964,False,False,False,False,False,kasra
31,15,58,59,ب,ب,221.4174375,221.4774375,221.43743750000002,0.060000000000002274,0.020000000000010232,-0.25394332,False,False,False,False,False,kasra
31,15,59,60,ِ,ِ,221.4774375,221.61743750000002,221.49743750000002,0.14000000000001478,0.020000000000010232,-0.0038317845,False,False,False,False,False,kasra
31,15,60,61,ه,ه,221.61743750000002,221.67743750000002,221.6374375,0.060000000000002274,0.01999999999998181,-0.030839974,False,False,False,False,False,kasra
31,15,61,62,ِ,ِ,221.67743750000002,221.95743750000003,221.6974375,0.28000000000000114,0.01999999999998181,-0.024022933,False,False,False,False,False,none
31,15,62,64, ,|,221.95743750000003,222.05743750000002,221.9774375,0.09999999999999432,0.01999999999998181,-0.7090651,False,False,False,False,False,kasra
31,15,63,65,ع,ع,222.05743750000002,222.11743750000002,222.0774375,0.060000000000002274,0.01999999999998181,-2.600072,False,False,False,False,False,kasra
31,15,64,66,ِ,ِ,222.11743750000002,222.3574375,222.1374375,0.23999999999998067,0.01999999999998181,-1.5237036,False,False,False,False,True,sukun
31,15,65,67,ل,ل,222.3574375,222.43743750000002,222.3774375,0.0800000000000125,0.020000000000010232,-0.97807616,False,False,False,False,True,sukun
31,15,66,68,ْ,ْ,222.43743750000002,223.2574375,222.45743750000003,0.8199999999999932,0.020000000000010232,-5.9943414,False,False,False,False,False,tanween
31,15,67,69,م,م,223.2574375,223.3774375,223.27743750000002,0.12000000000000455,0.020000000000010232,-0.79368854,False,False,False,False,False,tanween
31,15,68,70,ٌ,ٌ,223.3774375,223.4174375,223.39743750000002,0.03999999999999204,0.020000000000010232,-11.200559,False,False,False,False,False,none
31,15,69,72, ,|,223.4174375,223.51743750000003,223.45743750000003,0.10000000000002274,0.040000000000020464,-0.07478288,False,False,False,False,False,fatha
31,15,70,73,ف,ف,223.51743750000003,223.5974375,223.5374375,0.07999999999998408,0.01999999999998181,-0.00014649749,False,False,False,False,False,fatha
31,15,71,74,َ,َ,223.5974375,223.7574375,223.61743750000002,0.1599999999999966,0.020000000000010232,-0.0054939,False,False,False,False,False,fatha
31,15,72,75,ل,ل,223.7574375,223.7974375,223.77743750000002,0.03999999999999204,0.020000000000010232,-3.4808505e-05,False,False,False,False,False,fatha
31,15,73,76,َ,َ,223.7974375,223.8774375,223.8174375,0.0800000000000125,0.020000000000010232,-3.6284823,False,False,False,False,False,none
31,15,74,77,ا,ا,223.8774375,224.0374375,223.89743750000002,0.1599999999999966,0.020000000000010232,-2.2172682e-05,False,False,False,False,False,damma
31,15,75,78, ,|,224.0374375,224.17743750000002,224.0774375,0.14000000000001478,0.03999999999999204,-0.00011055989,False,False,False,False,False,damma
31,15,76,79,ت,ت,224.17743750000002,224.2374375,224.1974375,0.05999999999997385,0.01999999999998181,-3.552374e-05,False,False,False,False,False,damma
31,15,77,80,ُ,ُ,224.2374375,224.43743750000002,224.27743750000002,0.20000000000001705,0.040000000000020464,-0.09583795,False,False,False,False,False,kasra
31,15,78,81,ط,ط,224.43743750000002,224.49743750000002,224.45743750000003,0.060000000000002274,0.020000000000010232,-0.012374411,True,False,False,False,False,kasra
31,15,79,82,ِ,ِ,224.49743750000002,224.6374375,224.5374375,0.13999999999998636,0.03999999999999204,-0.0022516737,False,False,False,False,True,sukun
31,15,80,83,ع,ع,224.6374375,224.67743750000002,224.65743750000001,0.040000000000020464,0.020000000000010232,-0.017845662,False,False,False,False,True,sukun
31,15,81,84,ْ,ْ,224.67743750000002,224.8174375,224.6974375,0.13999999999998636,0.01999999999998181,-0.09903278,False,False,False,False,False,damma
31,15,82,85,ه,ه,224.8174375,224.89743750000002,224.83743750000002,0.0800000000000125,0.020000000000010232,-0.024360493,False,False,False,False,False,damma
31,15,83,86,ُ,ُ,224.89743750000002,225.0974375,224.93743750000002,0.19999999999998863,0.03999999999999204,-0.06142982,False,False,False,False,False,fatha
31,15,84,87,م,م,225.0974375,225.15743750000001,225.11743750000002,0.060000000000002274,0.020000000000010232,-0.00020192015,False,False,False,False,False,fatha
31,15,85,88,َ,َ,225.15743750000001,225.21743750000002,225.17743750000002,0.060000000000002274,0.020000000000010232,-3.9521027,False,False,False,False,False,none
31,15,86,89,ا,ا,225.21743750000002,226.6374375,225.23743750000003,1.4199999999999875,0.020000000000010232,-1.0153518,False,False,False,False,False,none
31,15,87,90, ,|,226.6374375,226.7374375,226.71743750000002,0.09999999999999432,0.0800000000000125,-0.4404078,False,False,False,False,False,none
31,15,88,93,و,و,226.7374375,226.7974375,226.7574375,0.060000000000002274,0.020000000000010232,-0.000107282605,False,False,False,False,False,fatha
31,15,89,94,َ,َ,226.7974375,226.95743750000003,226.8174375,0.160000000000025,0.020000000000010232,-0.019414518,False,False,False,False,False,fatha
31,15,90,95,ص,ص,226.95743750000003,227.05743750000002,226.9774375,0.09999999999999432,0.01999999999998181,-0.00085901073,True,False,False,False,False,fatha
31,15,91,96,َ,َ,227.05743750000002,227.1374375,227.0774375,0.07999999999998408,0.01999999999998181,-0.52351385,False,False,False,False,False,kasra
31,15,92,97,ا,ا,227.1374375,227.4174375,227.15743750000001,0.28000000000000114,0.020000000000010232,-2.1815062e-05,False,False,False,False,False,kasra
31,15,93,98,ح,ح,227.4174375,227.4774375,227.43743750000002,0.060000000000002274,0.020000000000010232,-0.04594139,False,False,False,False,False,kasra
31,15,94,99,ِ,ِ,227.4774375,227.6374375,227.49743750000002,0.1599999999999966,0.020000000000010232,-0.0003846144,False,False,False,False,True,sukun
31,15,95,100,ب,ب,227.6374375,227.6974375,227.65743750000001,0.060000000000002274,0.020000000000010232,-5.208333,False,False,False,False,True,sukun
31,15,96,101,ْ,ْ,227.6974375,227.8174375,227.71743750000002,0.12000000000000455,0.020000000000010232,-0.3835713,False,False,False,False,False,damma
31,15,97,102,ه,ه,227.8174375,227.8774375,227.83743750000002,0.060000000000002274,0.020000000000010232,-0.00060277886,False,False,False,False,False,damma
31,15,98,103,ُ,ُ,227.8774375,228.0374375,227.9174375,0.1599999999999966,0.03999999999999204,-0.0075243455,False,False,False,False,False,fatha
31,15,99,104,م,م,228.0374375,228.11743750000002,228.05743750000002,0.0800000000000125,0.020000000000010232,-7.331103e-05,False,False,False,False,False,fatha
31,15,100,105,َ,َ,228.11743750000002,228.17743750000002,228.1374375,0.060000000000002274,0.01999999999998181,-2.5141,False,False,False,False,False,none
31,15,101,106,ا,ا,228.17743750000002,228.3174375,228.1974375,0.13999999999998636,0.01999999999998181,-0.0006546023,False,False,False,False,False,kasra
31,15,102,107, ,|,228.3174375,228.43743750000002,228.3574375,0.12000000000000455,0.03999999999999204,-0.02428792,False,False,False,False,False,kasra
31,15,103,108,ف,ف,228.43743750000002,228.49743750000002,228.45743750000003,0.060000000000002274,0.020000000000010232,-2.102628,False,False,False,False,False,kasra
31,15,104,109,ِ,ِ,228.49743750000002,228.5374375,228.51743750000003,0.03999999999999204,0.020000000000010232,-0.0022313716,False,False,False,False,False,none
31,15,105,110,ى,ى,228.5374375,228.61743750000002,228.55743750000002,0.0800000000000125,0.020000000000010232,-9.861719,False,False,False,False,False,none
31,15,106,111, ,|,228.61743750000002,228.65743750000001,228.6374375,0.03999999999999204,0.01999999999998181,-0.62453616,False,False,False,False,False,none
31,15,107,112,ٱ,ا,228.65743750000001,228.6974375,228.67743750000002,0.03999999999999204,0.020000000000010232,-0.6689317,False,False,False,False,False,none
31,15,108,113,ل,ل,228.6974375,228.8774375,228.7374375,0.18000000000000682,0.03999999999999204,-0.04709629,False,True,False,False,False,damma
31,15,109,114,د,د,228.8774375,228.89743750000002,228.89743750000002,0.020000000000010232,0.020000000000010232,-7.462223e-05,False,True,False,False,False,damma
31,15,110,115,ّ,ّ,228.89743750000002,228.95743750000003,228.95743750000003,0.060000000000002274,0.060000000000002274,-0.14426018,False,False,False,False,False,damma
31,15,111,116,ُ,ُ,228.95743750000003,229.11743750000002,228.9774375,0.1599999999999966,0.01999999999998181,-0.004392974,False,False,False,False,True,sukun
31,15,112,117,ن,ن,229.11743750000002,229.17743750000002,229.1374375,0.060000000000002274,0.01999999999998181,-0.0033826772,False,False,False,False,True,sukun
31,15,113,118,ْ,ْ,229.17743750000002,229.2974375,229.1974375,0.11999999999997613,0.01999999999998181,-2.393017,False,False,False,False,False,fatha
31,15,114,119,ي,ي,229.2974375,229.3574375,229.3174375,0.060000000000002274,0.020000000000010232,-0.00020192015,False,False,False,False,False,fatha
31,15,115,120,َ,َ,229.3574375,229.4174375,229.3774375,0.060000000000002274,0.020000000000010232,-2.929891,False,False,False,False,False,none
31,15,116,121,ا,ا,229.4174375,229.61743750000002,229.43743750000002,0.20000000000001705,0.020000000000010232,-9.941561e-05,False,False,False,False,False,fatha
31,15,117,122, ,|,229.61743750000002,229.71743750000002,229.65743750000001,0.09999999999999432,0.03999999999999204,-0.0010322742,False,False,False,False,False,fatha
31,15,118,123,م,م,229.71743750000002,229.7974375,229.7374375,0.07999999999998408,0.01999999999998181,-1.6212332e-05,False,False,False,False,False,fatha
31,15,119,124,َ,َ,229.7974375,229.95743750000003,229.8174375,0.160000000000025,0.020000000000010232,-0.00046409326,False,False,False,False,True,sukun
31,15,120,125,ع,ع,229.95743750000003,230.01743750000003,229.9774375,0.060000000000002274,0.01999999999998181,-0.08996948,False,False,False,False,True,sukun
31,15,121,126,ْ,ْ,230.01743750000003,230.1374375,230.0374375,0.11999999999997613,0.01999999999998181,-0.42075488,False,False,False,False,False,damma
31,15,122,127,ر,ر,230.1374375,230.1974375,230.15743750000001,0.060000000000002274,0.020000000000010232,-0.024381317,False,False,False,False,False,damma
31,15,123,128,ُ,ُ,230.1974375,230.2974375,230.21743750000002,0.09999999999999432,0.020000000000010232,-0.018205566,False,False,False,False,False,tanween
31,15,124,129,و,و,230.2974375,230.55743750000002,230.3174375,0.2600000000000193,0.020000000000010232,-0.00015055,False,False,False,False,False,tanween
31,15,125,130,ف,ف,230.55743750000002,230.6374375,230.5774375,0.07999999999998408,0.01999999999998181,-0.00020275444,False,False,False,False,False,tanween
31,15,126,131,ً,ً,230.6374375,230.6974375,230.67743750000002,0.060000000000002274,0.040000000000020464,-0.22760287,False,False,False,False,False,none
31,15,127,133,ا,ا,230.6974375,231.7374375,230.71743750000002,1.039999999999992,0.020000000000010232,-0.006120036,False,False,False,False,False,none
31,15,128,134, ,|,231.7374375,231.83743750000002,231.7974375,0.10000000000002274,0.060000000000002274,-0.1428346,False,False,False,False,False,none
31,15,129,137,و,و,231.83743750000002,231.8774375,231.8574375,0.03999999999999204,0.01999999999998181,-0.00016091959,False,False,False,False,False,fatha
31,15,130,138,َ,َ,231.8774375,231.95743750000003,231.9174375,0.0800000000000125,0.03999999999999204,-0.085654914,False,False,False,False,False,none
31,15,131,139,ٱ,ا,231.95743750000003,232.2574375,231.99743750000002,0.29999999999998295,0.03999999999999204,-0.21489146,False,True,False,False,False,fatha
31,15,132,140,ت,ت,232.2574375,232.2974375,232.27743750000002,0.03999999999999204,0.020000000000010232,-5.805324e-05,False,True,False,False,False,fatha
31,15,133,141,ّ,ّ,232.2974375,232.33743750000002,232.33743750000002,0.040000000000020464,0.040000000000020464,-0.017548097,False,False,False,False,False,fatha
31,15,134,142,َ,َ,232.33743750000002,232.4774375,232.3774375,0.13999999999998636,0.03999999999999204,-0.089465626,False,False,False,False,False,kasra
31,15,135,143,ب,ب,232.4774375,232.5374375,232.49743750000002,0.060000000000002274,0.020000000000010232,-8.730776,False,False,False,False,False,kasra
31,15,136,144,ِ,ِ,232.5374375,232.65743750000001,232.55743750000002,0.12000000000000455,0.020000000000010232,-0.000101561156,False,False,False,False,True,sukun
31,15,137,145,ع,ع,232.65743750000001,232.71743750000002,232.67743750000002,0.060000000000002274,0.020000000000010232,-7.998623e-05,False,False,False,False,True,sukun
31,15,138,146,ْ,ْ,232.71743750000002,232.7374375,232.7374375,0.01999999999998181,0.01999999999998181,-0.48501825,False,False,False,False,False,fatha
31,15,139,147, ,|,232.7374375,232.9174375,232.8174375,0.18000000000000682,0.0800000000000125,-0.29803538,False,False,False,False,False,fatha
31,15,140,148,س,س,232.9174375,232.99743750000002,232.93743750000002,0.0800000000000125,0.020000000000010232,-0.20539337,False,False,False,False,False,fatha
31,15,141,149,َ,َ,232.99743750000002,233.1374375,233.01743750000003,0.13999999999998636,0.020000000000010232,-0.024126621,False,False,False,False,False,kasra
31,15,142,150,ب,ب,233.1374375,233.1974375,233.15743750000001,0.060000000000002274,0.020000000000010232,-0.92552805,False,False,False,False,False,kasra
31,15,143,151,ِ,ِ,233.1974375,233.2974375,233.2374375,0.09999999999999432,0.03999999999999204,-0.14860503,False,False,False,False,False,fatha
31,15,144,152,ي,ي,233.2974375,233.51743750000003,233.3174375,0.22000000000002728,0.020000000000010232,-2.0384581e-05,False,False,False,False,False,fatha
31,15,145,153,ل,ل,233.51743750000003,233.5774375,233.5374375,0.05999999999997385,0.01999999999998181,-2.527205e-05,False,False,False,False,False,fatha
31,15,146,154,َ,َ,233.5774375,233.65743750000001,233.5974375,0.0800000000000125,0.020000000000010232,-0.002701445,False,False,False,False,False,fatha
31,15,147,155, ,|,233.65743750000001,233.7574375,233.6974375,0.09999999999999432,0.03999999999999204,-0.2322379,False,False,False,False,False,fatha
31,15,148,156,م,م,233.7574375,233.8174375,233.77743750000002,0.060000000000002274,0.020000000000010232,-7.188062e-05,False,False,False,False,False,fatha
31,15,149,157,َ,َ,233.8174375,233.9774375,233.83743750000002,0.1599999999999966,0.020000000000010232,-0.001935753,False,False,False,False,True,sukun
31,15,150,158,ن,ن,233.9774375,234.0374375,233.99743750000002,0.060000000000002274,0.020000000000010232,-2.6344906e-05,False,False,False,False,True,sukun
31,15,151,159,ْ,ْ,234.0374375,234.0774375,234.05743750000002,0.03999999999999204,0.020000000000010232,-0.43420345,False,False,False,False,False,fatha
31,15,152,160, ,|,234.0774375,234.15743750000001,234.11743750000002,0.0800000000000125,0.040000000000020464,-0.0033522495,False,False,False,False,False,fatha
31,15,153,161,أ,أ,234.15743750000001,234.21743750000002,234.17743750000002,0.060000000000002274,0.020000000000010232,-0.0013979435,False,False,False,False,False,fatha
31,15,154,162,َ,َ,234.21743750000002,234.3774375,234.2574375,0.1599999999999966,0.03999999999999204,-0.010310823,False,False,False,False,False,fatha
31,15,155,163,ن,ن,234.3774375,234.45743750000003,234.39743750000002,0.0800000000000125,0.020000000000010232,-0.0026057358,False,False,False,False,False,fatha
31,15,156,164,َ,َ,234.45743750000003,234.51743750000003,234.4774375,0.060000000000002274,0.01999999999998181,-3.1306388,False,False,False,False,False,fatha
31,15,157,165,ا,ا,234.51743750000003,234.77743750000002,234.5374375,0.2599999999999909,0.01999999999998181,-8.59462e-05,False,False,False,False,False,fatha
31,15,158,166,ب,ب,234.77743750000002,234.83743750000002,234.7974375,0.060000000000002274,0.01999999999998181,-6.0556486e-05,False,False,False,False,False,fatha
31,15,159,167,َ,َ,234.83743750000002,234.9174375,234.8574375,0.07999999999998408,0.01999999999998181,-0.136601,False,False,False,False,False,kasra
31,15,160,168, ,|,234.9174375,235.01743750000003,234.9774375,0.10000000000002274,0.060000000000002274,-0.14913552,False,False,False,False,False,kasra
31,15,161,169,إ,إ,235.01743750000003,235.05743750000002,235.0374375,0.03999999999999204,0.01999999999998181,-0.0028004735,False,False,False,False,False,kasra
31,15,162,170,ِ,ِ,235.05743750000002,235.1974375,235.0974375,0.13999999999998636,0.03999999999999204,-0.0023625235,False,False,False,False,False,fatha
31,15,163,171,ل,ل,235.1974375,235.2574375,235.21743750000002,0.060000000000002274,0.020000000000010232,-1.1682442e-05,False,False,False,False,False,fatha
31,15,164,172,َ,َ,235.2574375,235.3574375,235.2974375,0.09999999999999432,0.03999999999999204,-0.33433002,False,True,False,False,False,fatha
31,15,165,173,ى,ى,235.3574375,235.3774375,235.3774375,0.020000000000010232,0.020000000000010232,-9.976952,False,True,False,False,False,fatha
31,15,166,174,ّ,ّ,235.3774375,235.45743750000003,235.39743750000002,0.0800000000000125,0.020000000000010232,-14.86159,False,False,False,False,False,fatha
31,15,167,175,َ,َ,235.45743750000003,236.1374375,235.4774375,0.6799999999999784,0.01999999999998181,-3.9875684,False,False,False,False,False,none
31,15,168,176, ,|,236.1374375,236.27743750000002,236.17743750000002,0.14000000000001478,0.040000000000020464,-0.38683626,False,False,False,False,False,none
31,15,169,179,ث,ث,236.27743750000002,236.33743750000002,236.2974375,0.060000000000002274,0.01999999999998181,-0.00063208624,False,False,False,False,False,damma
31,15,170,180,ُ,ُ,236.33743750000002,237.11743750000002,236.3774375,0.7800000000000011,0.03999999999999204,-0.0016375218,False,True,False,False,False,fatha
31,15,171,181,م,م,237.11743750000002,237.15743750000001,237.1374375,0.03999999999999204,0.01999999999998181,-6.7949063e-06,False,True,False,False,False,fatha
31,15,172,182,ّ,ّ,237.15743750000001,237.1974375,237.1974375,0.03999999999999204,0.03999999999999204,-0.0003615406,False,False,False,False,False,fatha
31,15,173,183,َ,َ,237.1974375,237.2574375,237.2374375,0.060000000000002274,0.03999999999999204,-0.13915199,False,False,False,False,False,kasra
31,15,174,184, ,|,237.2574375,237.3774375,237.3174375,0.12000000000000455,0.060000000000002274,-0.20903684,False,False,False,False,False,kasra
31,15,175,185,إ,إ,237.3774375,237.4174375,237.39743750000002,0.03999999999999204,0.020000000000010232,-0.0006225555,False,False,False,False,False,kasra
31,15,176,186,ِ,ِ,237.4174375,237.55743750000002,237.45743750000003,0.14000000000001478,0.040000000000020464,-0.03276255,False,False,False,False,False,fatha
31,15,177,187,ل,ل,237.55743750000002,237.6374375,237.5774375,0.07999999999998408,0.01999999999998181,-5.2808322e-05,False,False,False,False,False,fatha
31,15,178,188,َ,َ,237.6374375,237.7574375,237.65743750000001,0.12000000000000455,0.020000000000010232,-0.06343558,False,True,False,False,False,fatha
31,15,179,189,ى,ى,237.7574375,237.95743750000003,237.77743750000002,0.20000000000001705,0.020000000000010232,-15.029942,False,True,False,False,False,fatha
31,15,180,190,ّ,ّ,237.95743750000003,238.01743750000003,237.9774375,0.060000000000002274,0.01999999999998181,-11.751322,False,False,False,False,False,fatha
31,15,181,191,َ,َ,238.01743750000003,238.0974375,238.0374375,0.07999999999998408,0.01999999999998181,-4.087246,False,False,False,False,False,fatha
31,15,182,192, ,|,238.0974375,238.1974375,238.1374375,0.09999999999999432,0.03999999999999204,-0.0071825054,False,False,False,False,False,fatha
31,15,183,193,م,م,238.1974375,238.2574375,238.21743750000002,0.060000000000002274,0.020000000000010232,-2.2768714e-05,False,False,False,False,False,fatha
31,15,184,194,َ,َ,238.2574375,238.39743750000002,238.27743750000002,0.14000000000001478,0.020000000000010232,-0.00051937916,False,False,False,False,True,sukun
31,15,185,195,ر,ر,238.39743750000002,238.45743750000003,238.4174375,0.060000000000002274,0.01999999999998181,-2.4182749,False,False,False,False,True,sukun
31,15,186,196,ْ,ْ,238.45743750000003,238.5774375,238.4774375,0.11999999999997613,0.01999999999998181,-0.12638338,False,False,False,False,False,kasra
31,15,187,197,ج,ج,238.5774375,238.65743750000001,238.5974375,0.0800000000000125,0.020000000000010232,-0.118717626,False,False,False,False,False,kasra
31,15,188,198,ِ,ِ,238.65743750000001,238.77743750000002,238.67743750000002,0.12000000000000455,0.020000000000010232,-0.00093404524,False,False,False,False,False,damma
31,15,189,199,ع,ع,238.77743750000002,238.83743750000002,238.7974375,0.060000000000002274,0.01999999999998181,-0.0008347126,False,False,False,False,False,damma
31,15,190,200,ُ,ُ,238.83743750000002,239.05743750000002,238.8774375,0.21999999999999886,0.03999999999999204,-0.20529102,False,False,False,False,False,damma
31,15,191,201,ك,ك,239.05743750000002,239.11743750000002,239.0774375,0.060000000000002274,0.01999999999998181,-0.00013386307,False,False,False,False,False,damma
31,15,192,202,ُ,ُ,239.11743750000002,239.2374375,239.1374375,0.11999999999997613,0.01999999999998181,-0.000503175,False,False,False,False,True,sukun
31,15,193,203,م,م,239.2374375,239.3174375,239.27743750000002,0.0800000000000125,0.040000000000020464,-0.031153988,False,False,False,False,True,sukun
31,15,194,204,ْ,ْ,239.3174375,239.3574375,239.33743750000002,0.03999999999999204,0.020000000000010232,-0.13172601,False,False,False,False,False,fatha
31,15,195,205, ,|,239.3574375,239.45743750000003,239.4174375,0.10000000000002274,0.060000000000002274,-0.04100078,False,False,False,False,False,fatha
31,15,196,206,ف,ف,239.45743750000003,239.5374375,239.49743750000002,0.07999999999998408,0.03999999999999204,-0.16531666,False,False,False,False,False,fatha
31,15,197,207,َ,َ,239.5374375,239.65743750000001,239.55743750000002,0.12000000000000455,0.020000000000010232,-0.0006764031,False,False,False,False,False,damma
31,15,198,208,أ,أ,239.65743750000001,239.71743750000002,239.67743750000002,0.060000000000002274,0.020000000000010232,-7.379699,False,False,False,False,False,damma
31,15,199,209,ُ,ُ,239.71743750000002,239.89743750000002,239.77743750000002,0.18000000000000682,0.060000000000002274,-0.17268957,False,False,False,False,False,fatha
31,15,200,210,ن,ن,239.89743750000002,239.95743750000003,239.9174375,0.060000000000002274,0.01999999999998181,-0.00028808735,False,False,False,False,False,fatha
31,15,201,211,َ,َ,239.95743750000003,240.2974375,239.9774375,0.339999999999975,0.01999999999998181,-0.00025519452,False,True,False,False,False,kasra
31,15,202,212,ب,ب,240.2974375,240.3174375,240.3174375,0.020000000000010232,0.020000000000010232,-0.00049471535,False,True,False,False,False,kasra
31,15,203,213,ّ,ّ,240.3174375,240.3774375,240.3774375,0.060000000000002274,0.060000000000002274,-0.3324996,False,False,False,False,False,kasra
31,15,204,214,ِ,ِ,240.3774375,240.49743750000002,240.39743750000002,0.12000000000000455,0.020000000000010232,-0.0006760457,False,False,False,False,False,damma
31,15,205,215,ئ,ئ,240.49743750000002,240.5774375,240.51743750000003,0.07999999999998408,0.020000000000010232,-2.9157596,False,False,False,False,False,damma
31,15,206,216,ُ,ُ,240.5774375,240.77743750000002,240.5974375,0.20000000000001705,0.020000000000010232,-0.67002606,False,False,False,False,False,damma
31,15,207,217,ك,ك,240.77743750000002,240.83743750000002,240.7974375,0.060000000000002274,0.01999999999998181,-0.00027485884,False,False,False,False,False,damma
31,15,208,218,ُ,ُ,240.83743750000002,240.8574375,240.8574375,0.01999999999998181,0.01999999999998181,-0.012811261,False,False,False,False,False,none
31,15,209,219,م,م,240.8574375,240.8774375,240.8774375,0.020000000000010232,0.020000000000010232,-7.971019,False,False,False,False,False,kasra
31,15,210,220, ,|,240.8774375,240.9774375,240.89743750000002,0.09999999999999432,0.020000000000010232,-7.410863,False,False,False,False,False,kasra
31,15,211,221,ب,ب,240.9774375,240.99743750000002,240.99743750000002,0.020000000000010232,0.020000000000010232,-10.598576,False,False,False,False,False,kasra
31,15,212,222,ِ,ِ,240.99743750000002,241.01743750000003,241.01743750000003,0.020000000000010232,0.020000000000010232,-12.742512,False,False,False,False,False,fatha
31,15,213,223,م,م,241.01743750000003,241.0774375,241.0374375,0.05999999999997385,0.01999999999998181,-2.3886604,False,False,False,False,False,fatha
31,15,214,224,َ,َ,241.0774375,241.15743750000001,241.0974375,0.0800000000000125,0.020000000000010232,-14.512251,False,False,False,False,False,none
31,15,215,225,ا,ا,241.15743750000001,241.2374375,241.17743750000002,0.07999999999998408,0.020000000000010232,-13.8573885,False,False,False,False,False,damma
31,15,216,226, ,|,241.2374375,241.2574375,241.2574375,0.020000000000010232,0.020000000000010232,-12.209588,False,False,False,False,False,damma
31,15,217,227,ك,ك,241.2574375,241.27743750000002,241.27743750000002,0.020000000000010232,0.020000000000010232,-15.5247965,False,False,False,False,False,damma
31,15,218,228,ُ,ُ,241.27743750000002,241.2974375,241.2974375,0.01999999999998181,0.01999999999998181,-12.742607,False,False,False,False,False,damma
31,15,219,229,ن,ن,241.2974375,241.3174375,241.3174375,0.020000000000010232,0.020000000000010232,-8.705114,False,False,False,False,False,damma
31,15,220,230,ت,ت,241.3174375,241.33743750000002,241.33743750000002,0.020000000000010232,0.020000000000010232,-15.076139,False,False,False,False,False,damma
31,15,221,231,ُ,ُ,241.33743750000002,241.3574375,241.3574375,0.01999999999998181,0.01999999999998181,-12.352522,False,False,False,False,True,sukun
31,15,222,232,م,م,241.3574375,241.3774375,241.3774375,0.020000000000010232,0.020000000000010232,-6.045662,False,False,False,False,True,sukun
31,15,223,233,ْ,ْ,241.3774375,241.39743750000002,241.39743750000002,0.020000000000010232,0.020000000000010232,-8.548066,False,False,False,False,False,fatha
31,15,224,234, ,|,241.39743750000002,241.45743750000003,241.4174375,0.060000000000002274,0.01999999999998181,-11.541261,False,False,False,False,False,fatha
31,15,225,235,ت,ت,241.45743750000003,241.4774375,241.4774375,0.01999999999998181,0.01999999999998181,-15.379229,False,False,False,False,False,fatha
31,15,226,236,َ,َ,241.4774375,241.49743750000002,241.49743750000002,0.020000000000010232,0.020000000000010232,-14.028142,False,False,False,False,True,sukun
31,15,227,237,ع,ع,241.49743750000002,241.51743750000003,241.51743750000003,0.020000000000010232,0.020000000000010232,-15.615851,False,False,False,False,True,sukun
31,15,228,238,ْ,ْ,241.51743750000003,241.5374375,241.5374375,0.01999999999998181,0.01999999999998181,-7.0604787,False,False,False,False,False,fatha
31,15,229,239,م,م,241.5374375,241.55743750000002,241.55743750000002,0.020000000000010232,0.020000000000010232,-7.0564847,False,False,False,False,False,fatha
31,15,230,240,َ,َ,241.55743750000002,241.57743750000003,241.57743750000003,0.020000000000010232,0.020000000000010232,-14.019061,False,False,False,False,False,damma
31,15,231,241,ل,ل,241.57743750000003,241.5974375,241.5974375,0.01999999999998181,0.01999999999998181,-13.947029,False,False,False,False,False,damma
31,15,232,242,ُ,ُ,241.5974375,241.61743750000002,241.61743750000002,0.020000000000010232,0.020000000000010232,-12.282914,False,False,False,False,False,fatha
31,15,233,243,و,و,241.61743750000002,241.6374375,241.6374375,0.01999999999998181,0.01999999999998181,-10.305031,False,False,False,False,False,fatha
31,15,234,244,ن,ن,241.6374375,241.65743750000001,241.65743750000001,0.020000000000010232,0.020000000000010232,-5.546975,False,False,False,False,False,fatha
31,15,235,245,َ,َ,241.65743750000001,241.69549999999998,241.6774375,0.0380624999999668,0.01999999999998181,-14.086476,False,False,False,False,False,none
31,16,0,0,ي,ي,245.97549999999998,246.03549999999998,245.9955,0.060000000000002274,0.020000000000010232,-2.0980615e-05,False,False,True,False,False,fatha
31,16,1,1,َ,َ,246.03549999999998,246.1155,246.0555,0.0800000000000125,0.020000000000010232,-0.056656092,False,False,True,False,False,none
31,16,2,3,ٰ,ا,246.1155,246.41549999999998,246.13549999999998,0.29999999999998295,0.01999999999998181,-0.00022003613,False,False,False,False,False,damma
31,16,3,4,ب,ب,246.41549999999998,246.47549999999998,246.4555,0.060000000000002274,0.040000000000020464,-3.4389188,False,False,False,False,False,damma
31,16,4,5,ُ,ُ,246.47549999999998,246.6155,246.5155,0.14000000000001478,0.040000000000020464,-0.18728645,False,False,False,False,False,fatha
31,16,5,6,ن,ن,246.6155,246.69549999999998,246.63549999999998,0.07999999999998408,0.01999999999998181,-0.01251946,False,False,False,False,False,fatha
31,16,6,7,َ,َ,246.69549999999998,246.97549999999998,246.7155,0.28000000000000114,0.020000000000010232,-0.0005886014,False,True,False,False,False,fatha
31,16,7,8,ى,ى,246.97549999999998,247.0155,246.9955,0.040000000000020464,0.020000000000010232,-15.373788,False,True,False,False,False,fatha
31,16,8,9,ّ,ّ,247.0155,247.0755,247.0555,0.060000000000002274,0.03999999999999204,-0.2241166,False,False,False,False,False,fatha
31,16,9,10,َ,َ,247.0755,247.1555,247.0955,0.07999999999998408,0.01999999999998181,-0.0071331356,False,False,False,False,False,kasra
31,16,10,11, ,|,247.1555,247.25549999999998,247.2155,0.09999999999999432,0.060000000000002274,-0.10850375,False,False,False,False,False,kasra
31,16,11,12,إ,إ,247.25549999999998,247.3155,247.2755,0.060000000000002274,0.020000000000010232,-0.0008267322,False,False,False,False,False,kasra
31,16,12,13,ِ,ِ,247.3155,248.0555,247.3555,0.7400000000000091,0.040000000000020464,-0.052602857,False,True,False,False,False,fatha
31,16,13,14,ن,ن,248.0555,248.0955,248.0755,0.03999999999999204,0.020000000000010232,-0.00010287233,False,True,False,False,False,fatha
31,16,14,15,ّ,ّ,248.0955,248.13549999999998,248.1155,0.03999999999999204,0.020000000000010232,-0.012325428,False,False,False,False,False,fatha
31,16,15,16,َ,َ,248.13549999999998,248.2755,248.1555,0.14000000000001478,0.020000000000010232,-0.00093833276,False,False,False,True,False,fatha
31,16,16,17,ه,ه,248.2755,248.3355,248.2955,0.060000000000002274,0.020000000000010232,-0.0013036571,False,False,False,True,False,fatha
31,16,17,18,َ,َ,248.3355,248.3955,248.3555,0.060000000000002274,0.020000000000010232,-0.53928477,False,False,False,True,False,none
31,16,18,19,ا,ا,248.3955,248.4355,248.41549999999998,0.03999999999999204,0.01999999999998181,-0.43822366,False,False,False,True,False,none
31,16,19,20,ٓ,ا,248.4355,249.3555,248.4555,0.9200000000000159,0.020000000000010232,-1.3711374,False,False,False,False,False,kasra
31,16,20,21, ,|,249.3555,249.4555,249.3755,0.09999999999999432,0.01999999999998181,-4.2410684,False,False,False,False,False,kasra
31,16,21,22,إ,إ,249.4555,249.53549999999998,249.47549999999998,0.07999999999998408,0.01999999999998181,-0.47169164,False,False,False,False,False,kasra
31,16,22,23,ِ,ِ,249.53549999999998,249.9955,249.5755,0.46000000000000796,0.040000000000020464,-0.12279826,False,False,False,False,False,none
31,16,23,24,ن,ن,249.9955,250.1155,250.0155,0.12000000000000455,0.020000000000010232,-0.18782157,False,False,False,False,False,fatha
31,16,24,25, ,|,250.1155,250.2755,250.13549999999998,0.1599999999999966,0.01999999999998181,-13.361714,False,False,False,False,False,fatha
31,16,25,26,ت,ت,250.2755,250.3355,250.2955,0.060000000000002274,0.020000000000010232,-6.329813e-05,False,False,False,False,False,fatha
31,16,26,27,َ,َ,250.3355,250.5155,250.3555,0.18000000000000682,0.020000000000010232,-0.0005523825,False,False,False,False,False,damma
31,16,27,28,ك,ك,250.5155,250.5755,250.53549999999998,0.060000000000002274,0.01999999999998181,-0.0009953788,False,False,False,False,False,damma
31,16,28,29,ُ,ُ,250.5755,250.6555,250.5955,0.07999999999998408,0.01999999999998181,-0.0033438266,False,False,False,False,False,kasra
31,16,29,30, ,|,250.6555,250.7155,250.7155,0.060000000000002274,0.060000000000002274,-0.32528862,False,False,False,False,False,kasra
31,16,30,31,م,م,250.7155,250.75549999999998,250.7355,0.03999999999999204,0.020000000000010232,-0.008227976,False,False,False,False,False,kasra
31,16,31,32,ِ,ِ,250.75549999999998,250.8955,250.7955,0.14000000000001478,0.040000000000020464,-0.059709303,False,False,False,False,True,sukun
31,16,32,33,ث,ث,250.8955,250.9555,250.91549999999998,0.060000000000002274,0.01999999999998181,-0.02864855,False,False,False,False,True,sukun
31,16,33,34,ْ,ْ,250.9555,251.13549999999998,250.9955,0.1799999999999784,0.03999999999999204,-0.0030016974,False,False,False,False,False,fatha
31,16,34,35,ق,ق,251.13549999999998,251.2155,251.1755,0.0800000000000125,0.040000000000020464,-0.017732566,True,False,False,False,False,fatha
31,16,35,36,َ,َ,251.2155,251.2955,251.25549999999998,0.0800000000000125,0.03999999999999204,-0.26279598,False,False,False,False,False,fatha
31,16,36,37,ا,ا,251.2955,251.4955,251.3155,0.19999999999998863,0.01999999999998181,-1.03711545e-05,False,False,False,False,False,fatha
31,16,37,38,ل,ل,251.4955,251.5555,251.5155,0.060000000000002274,0.020000000000010232,-6.4372807e-06,False,False,False,False,False,fatha
31,16,38,39,َ,َ,251.5555,251.6155,251.5955,0.060000000000002274,0.03999999999999204,-0.26644537,False,False,False,False,False,fatha
31,16,39,40, ,|,251.6155,251.7355,251.6555,0.12000000000000455,0.03999999999999204,-4.0113096e-05,False,False,False,False,False,fatha
31,16,40,41,ح,ح,251.7355,251.7955,251.75549999999998,0.060000000000002274,0.01999999999998181,-0.00021562635,False,False,False,False,False,fatha
31,16,41,42,َ,َ,251.7955,252.0955,251.8355,0.29999999999998295,0.03999999999999204,-0.09267327,False,True,False,False,False,fatha
31,16,42,43,ب,ب,252.0955,252.13549999999998,252.13549999999998,0.03999999999999204,0.03999999999999204,-0.0023373945,False,True,False,False,False,fatha
31,16,43,44,ّ,ّ,252.13549999999998,252.19549999999998,252.19549999999998,0.060000000000002274,0.060000000000002274,-0.0010730228,False,False,False,False,False,fatha
31,16,44,45,َ,َ,252.19549999999998,252.3955,252.2155,0.20000000000001705,0.020000000000010232,-0.0024109602,False,False,False,False,False,tanween
31,16,45,46,ة,ة,252.3955,252.4555,252.41549999999998,0.060000000000002274,0.01999999999998181,-2.0622994e-05,False,False,False,False,False,tanween
31,16,46,47,ٍ,ٍ,252.4555,253.1755,252.47549999999998,0.7199999999999989,0.01999999999998181,-0.032653306,False,False,False,False,False,none
31,16,47,49, ,|,253.1755,253.25549999999998,253.19549999999998,0.07999999999998408,0.01999999999998181,-0.010691033,False,True,False,False,False,kasra
31,16,48,50,م,م,253.25549999999998,253.2755,253.2755,0.020000000000010232,0.020000000000010232,-0.00012635386,False,True,False,False,False,kasra
31,16,49,51,ّ,ّ,253.2755,253.3155,253.2955,0.03999999999999204,0.020000000000010232,-9.918082,False,False,False,False,False,kasra
31,16,50,52,ِ,ِ,253.3155,253.4355,253.3355,0.12000000000000455,0.020000000000010232,-0.0009147512,False,False,False,False,True,sukun
31,16,51,53,ن,ن,253.4355,253.4955,253.4555,0.060000000000002274,0.020000000000010232,-1.8358061e-05,False,False,False,False,True,sukun
31,16,52,54,ْ,ْ,253.4955,253.53549999999998,253.53549999999998,0.03999999999999204,0.03999999999999204,-0.041208778,False,False,False,False,False,fatha
31,16,53,55, ,|,253.53549999999998,253.6555,253.5755,0.12000000000000455,0.040000000000020464,-0.0016432042,False,False,False,False,False,fatha
31,16,54,56,خ,خ,253.6555,253.7155,253.6755,0.060000000000002274,0.020000000000010232,-0.15069552,False,False,False,False,False,fatha
31,16,55,57,َ,َ,253.7155,253.8155,253.7355,0.09999999999999432,0.020000000000010232,-0.00244842,False,False,False,False,True,sukun
31,16,56,58,ر,ر,253.8155,253.8755,253.8355,0.060000000000002274,0.020000000000010232,-0.011805549,False,False,False,False,True,sukun
31,16,57,59,ْ,ْ,253.8755,254.0555,253.91549999999998,0.18000000000000682,0.03999999999999204,-0.1360587,False,False,False,False,False,fatha
31,16,58,60,د,د,254.0555,254.1555,254.0755,0.09999999999999432,0.020000000000010232,-0.005316287,False,False,False,False,False,fatha
31,16,59,61,َ,َ,254.1555,254.2955,254.1755,0.14000000000001478,0.020000000000010232,-0.29172647,False,False,False,False,False,tanween
31,16,60,62,ل,ل,254.2955,254.3355,254.3155,0.03999999999999204,0.01999999999998181,-0.09471235,False,False,False,False,False,tanween
31,16,61,63,ٍ,ٍ,254.3355,254.97549999999998,254.3555,0.6399999999999864,0.020000000000010232,-0.7744583,False,False,False,False,False,none
31,16,62,65, ,|,254.97549999999998,255.0955,255.0155,0.12000000000000455,0.040000000000020464,-0.002677506,False,False,False,False,False,fatha
31,16,63,66,ف,ف,255.0955,255.1555,255.1155,0.060000000000002274,0.020000000000010232,-4.1245563e-05,False,False,False,False,False,fatha
31,16,64,67,َ,َ,255.1555,255.3355,255.19549999999998,0.18000000000000682,0.03999999999999204,-0.13796745,False,False,False,False,False,fatha
31,16,65,68,ت,ت,255.3355,255.3955,255.3555,0.060000000000002274,0.020000000000010232,-7.092701e-05,False,False,False,False,False,fatha
31,16,66,69,َ,َ,255.3955,255.5755,255.41549999999998,0.18000000000000682,0.01999999999998181,-0.00020430385,False,False,False,False,False,damma
31,16,67,70,ك,ك,255.5755,255.6555,255.5955,0.07999999999998408,0.01999999999998181,-0.0006541258,False,False,False,False,False,damma
31,16,68,71,ُ,ُ,255.6555,256.2355,255.6755,0.5800000000000125,0.020000000000010232,-0.003034394,False,False,False,False,False,none
31,16,69,72,ن,ن,256.2355,256.3755,256.2555,0.13999999999998636,0.01999999999998181,-1.0124067,False,False,False,False,False,kasra
31,16,70,73, ,|,256.3755,256.4955,256.4155,0.12000000000000455,0.040000000000020464,-0.012820996,False,False,False,False,False,kasra
31,16,71,74,ف,ف,256.4955,256.5555,256.5155,0.060000000000002274,0.01999999999998181,-9.655906e-06,False,False,False,False,False,kasra
31,16,72,75,ِ,ِ,256.5555,256.6555,256.5955,0.10000000000002274,0.040000000000020464,-0.16056442,False,False,False,False,False,none
31,16,73,76,ى,ى,256.6555,256.7555,256.6755,0.0999999999999659,0.01999999999998181,-15.996839,False,False,False,False,False,fatha
31,16,74,77, ,|,256.7555,256.9155,256.7955,0.160000000000025,0.040000000000020464,-0.0005897017,False,False,False,False,False,fatha
31,16,75,78,ص,ص,256.9155,256.9955,256.9355,0.07999999999998408,0.01999999999998181,-0.00022825974,True,False,False,False,False,fatha
31,16,76,79,َ,َ,256.9955,257.2155,257.0155,0.22000000000002728,0.01999999999998181,-0.030383293,False,False,False,False,True,sukun
31,16,77,80,خ,خ,257.2155,257.27549999999997,257.2355,0.05999999999994543,0.01999999999998181,-6.387401,False,False,False,False,True,sukun
31,16,78,81,ْ,ْ,257.27549999999997,257.33549999999997,257.2955,0.060000000000002274,0.020000000000038654,-0.030055627,False,False,False,False,False,fatha
31,16,79,82,ر,ر,257.33549999999997,257.39549999999997,257.3555,0.060000000000002274,0.020000000000038654,-6.651657e-05,False,False,False,False,False,fatha
31,16,80,83,َ,َ,257.39549999999997,257.5555,257.4155,0.160000000000025,0.020000000000038654,-0.0092532355,False,False,False,False,False,tanween
31,16,81,84,ة,ة,257.5555,257.6355,257.5955,0.07999999999998408,0.040000000000020464,-0.002585883,False,False,False,False,False,tanween
31,16,82,85,ٍ,ٍ,257.6355,257.9155,257.6555,0.28000000000002956,0.020000000000038654,-0.016917208,False,False,False,False,False,fatha
31,16,83,86, ,|,257.9155,258.0155,257.9555,0.0999999999999659,0.03999999999996362,-9.2919174e-05,False,False,False,False,False,fatha
31,16,84,87,أ,أ,258.0155,258.0555,258.0355,0.040000000000020464,0.020000000000038654,-9.417489e-06,False,False,False,False,False,fatha
31,16,85,88,َ,َ,258.0555,258.1955,258.0955,0.13999999999998636,0.040000000000020464,-0.033825718,False,False,False,False,True,sukun
31,16,86,89,و,و,258.1955,258.27549999999997,258.2155,0.07999999999998408,0.020000000000038654,-8.201263e-05,False,False,False,False,True,sukun
31,16,87,90,ْ,ْ,258.27549999999997,258.3155,258.3155,0.040000000000020464,0.040000000000020464,-0.017538864,False,False,False,False,False,kasra
31,16,88,91, ,|,258.3155,258.4155,258.3555,0.10000000000002274,0.040000000000020464,-0.0043271864,False,False,False,False,False,kasra
31,16,89,92,ف,ف,258.4155,258.4755,258.4355,0.060000000000002274,0.01999999999998181,-1.0251946e-05,False,False,False,False,False,kasra
31,16,90,93,ِ,ِ,258.4755,258.5155,258.4955,0.03999999999996362,0.01999999999998181,-0.00051008567,False,False,False,False,False,none
31,16,91,94,ى,ى,258.5155,258.5555,258.5355,0.040000000000020464,0.020000000000038654,-16.33548,False,False,False,False,False,none
31,16,92,95, ,|,258.5555,258.6155,258.6155,0.060000000000002274,0.060000000000002274,-0.1989569,False,False,False,False,False,none
31,16,93,96,ٱ,ا,258.6155,258.6555,258.6555,0.040000000000020464,0.040000000000020464,-0.07558666,False,False,False,False,False,none
31,16,94,97,ل,ل,258.6555,258.83549999999997,258.6955,0.17999999999994998,0.03999999999996362,-0.0018762483,False,True,False,False,False,fatha
31,16,95,98,س,س,258.83549999999997,258.8755,258.8555,0.040000000000020464,0.020000000000038654,-2.860982e-05,False,True,False,False,False,fatha
31,16,96,99,ّ,ّ,258.8755,258.9355,258.9355,0.060000000000002274,0.060000000000002274,-0.048561063,False,False,False,False,False,fatha
31,16,97,100,َ,َ,258.9355,259.0755,258.9555,0.13999999999998636,0.01999999999998181,-0.00889553,False,False,True,False,False,fatha
31,16,98,101,م,م,259.0755,259.1555,259.0955,0.08000000000004093,0.020000000000038654,-9.417489e-06,False,False,True,False,False,fatha
31,16,99,102,َ,َ,259.1555,259.2155,259.1755,0.060000000000002274,0.01999999999998181,-1.4179959,False,False,True,False,False,none
31,16,100,104,ٰ,ا,259.2155,259.4755,259.2355,0.2599999999999909,0.01999999999998181,-0.00017557987,False,False,True,False,False,fatha
31,16,101,105,و,و,259.4755,259.5555,259.4955,0.07999999999998408,0.01999999999998181,-1.633154e-05,False,False,True,False,False,fatha
31,16,102,106,َ,َ,259.5555,259.6355,259.5755,0.07999999999998408,0.01999999999998181,-0.34845206,False,False,True,False,False,kasra
31,16,103,107,ٰ,ا,259.6355,259.9155,259.6555,0.28000000000002956,0.020000000000038654,-3.7907834e-05,False,False,False,False,False,kasra
31,16,104,108,ت,ت,259.9155,259.9755,259.9355,0.060000000000002274,0.01999999999998181,-0.00024995065,False,False,False,False,False,kasra
31,16,105,109,ِ,ِ,259.9755,260.0355,259.9955,0.060000000000002274,0.01999999999998181,-0.014984548,False,False,False,False,False,fatha
31,16,106,110, ,|,260.0355,260.1355,260.0955,0.0999999999999659,0.060000000000002274,-0.11858988,False,False,False,False,False,fatha
31,16,107,111,أ,أ,260.1355,260.1955,260.1555,0.060000000000002274,0.020000000000038654,-5.316593e-05,False,False,False,False,False,fatha
31,16,108,112,َ,َ,260.1955,260.3155,260.2155,0.12000000000000455,0.020000000000038654,-0.013965975,False,False,False,False,True,sukun
31,16,109,113,و,و,260.3155,260.4155,260.33549999999997,0.10000000000002274,0.01999999999998181,-0.000298098,False,False,False,False,True,sukun
31,16,110,114,ْ,ْ,260.4155,260.4555,260.4355,0.03999999999996362,0.01999999999998181,-0.13185108,False,False,False,False,False,kasra
31,16,111,115, ,|,260.4555,260.5755,260.4955,0.12000000000000455,0.040000000000020464,-0.06796513,False,False,False,False,False,kasra
31,16,112,116,ف,ف,260.5755,260.6355,260.5955,0.060000000000002274,0.020000000000038654,-2.5152844e-05,False,False,False,False,False,kasra
31,16,113,117,ِ,ِ,260.6355,260.6755,260.6555,0.040000000000020464,0.020000000000038654,-0.2586887,False,False,False,False,False,none
31,16,114,118,ى,ى,260.6755,260.7555,260.6955,0.07999999999998408,0.01999999999998181,-14.464275,False,False,False,False,False,none
31,16,115,119, ,|,260.7555,260.7955,260.7955,0.040000000000020464,0.040000000000020464,-0.16510934,False,False,False,False,False,sukun
31,16,116,120,ٱ,ا,260.7955,260.89549999999997,260.8155,0.0999999999999659,0.01999999999998181,-4.793056,False,False,False,False,True,sukun
31,16,117,121,ل,ل,260.89549999999997,260.9555,260.9355,0.060000000000002274,0.040000000000020464,-0.13902271,False,False,False,False,True,sukun
31,16,118,122,ْ,ْ,260.9555,261.0155,260.9755,0.060000000000002274,0.020000000000038654,-4.549694,False,False,False,False,False,fatha
31,16,119,123,أ,أ,261.0155,261.0755,261.0355,0.060000000000002274,0.020000000000038654,-1.4662635e-05,False,False,False,False,False,fatha
31,16,120,124,َ,َ,261.0755,261.1755,261.0955,0.10000000000002274,0.020000000000038654,-0.0049308366,False,False,False,False,True,sukun
31,16,121,125,ر,ر,261.1755,261.2155,261.1955,0.040000000000020464,0.01999999999998181,-5.2689116e-05,False,False,False,False,True,sukun
31,16,122,126,ْ,ْ,261.2155,261.39549999999997,261.27549999999997,0.17999999999994998,0.05999999999994543,-0.1876626,False,False,False,False,False,kasra
31,16,123,127,ض,ض,261.39549999999997,261.4755,261.4155,0.08000000000004093,0.020000000000038654,-0.00027438212,True,False,False,False,False,kasra
31,16,124,128,ِ,ِ,261.4755,261.5555,261.5155,0.07999999999998408,0.03999999999996362,-0.043820616,False,False,False,False,False,fatha
31,16,125,129, ,|,261.5555,261.6355,261.6155,0.07999999999998408,0.060000000000002274,-0.031546775,False,False,False,False,False,fatha
31,16,126,130,ي,ي,261.6355,261.7155,261.6555,0.08000000000004093,0.020000000000038654,-6.5086155e-05,False,False,False,False,False,fatha
31,16,127,131,َ,َ,261.7155,261.8555,261.7355,0.13999999999998636,0.01999999999998181,-0.0033309949,False,False,False,False,True,sukun
31,16,128,132,أ,أ,261.8555,261.9155,261.8755,0.060000000000002274,0.01999999999998181,-0.0013413965,False,False,False,False,True,sukun
31,16,129,133,ْ,ْ,261.9155,262.0555,261.9355,0.13999999999998636,0.01999999999998181,-0.008941491,False,False,False,False,False,kasra
31,16,130,134,ت,ت,262.0555,262.1155,262.0755,0.060000000000002274,0.01999999999998181,-0.0003489839,False,False,False,False,False,kasra
31,16,131,135,ِ,ِ,262.1155,262.1955,262.1355,0.07999999999998408,0.01999999999998181,-0.014037329,False,False,False,False,False,kasra
31,16,132,136, ,|,262.1955,262.2955,262.2555,0.10000000000002274,0.060000000000002274,-0.1929843,False,False,False,False,False,kasra
31,16,133,137,ب,ب,262.2955,262.3555,262.3155,0.060000000000002274,0.01999999999998181,-0.080669,False,False,False,False,False,kasra
31,16,134,138,ِ,ِ,262.3555,262.4555,262.3755,0.0999999999999659,0.01999999999998181,-0.0031551365,False,False,False,False,False,fatha
31,16,135,139,ه,ه,262.4555,262.4955,262.4755,0.040000000000020464,0.020000000000038654,-3.921909e-05,False,False,False,False,False,fatha
31,16,136,140,َ,َ,262.4955,262.5355,262.5355,0.040000000000020464,0.040000000000020464,-0.032944705,False,False,False,False,False,none
31,16,137,141,ا,ا,262.5355,262.5955,262.5755,0.060000000000002274,0.03999999999996362,-0.14648743,False,False,False,False,False,none
31,16,138,142, ,|,262.5955,262.6555,262.6555,0.060000000000002274,0.060000000000002274,-0.016670534,False,False,False,False,False,none
31,16,139,143,ٱ,ا,262.6555,262.6955,262.6955,0.03999999999996362,0.03999999999996362,-0.00015984001,False,False,False,False,False,none
31,16,140,144,ل,ل,262.6955,262.7355,262.7155,0.040000000000020464,0.020000000000038654,-3.821926,False,True,False,False,False,fatha
31,16,141,145,ل,ل,262.7355,262.7555,262.7555,0.01999999999998181,0.01999999999998181,-0.00063518377,False,True,False,False,False,fatha
31,16,142,146,ّ,ّ,262.7555,262.77549999999997,262.77549999999997,0.01999999999998181,0.01999999999998181,-12.723647,False,False,False,False,False,fatha
31,16,143,147,َ,َ,262.77549999999997,262.7955,262.7955,0.020000000000038654,0.020000000000038654,-15.907279,False,False,False,False,False,damma
31,16,144,148,ه,ه,262.7955,262.89549999999997,262.8155,0.0999999999999659,0.01999999999998181,-20.031252,False,False,False,False,False,damma
31,16,145,149,ُ,ُ,262.89549999999997,262.9155,262.9155,0.020000000000038654,0.020000000000038654,-16.524414,False,False,False,False,False,none
31,16,146,150, ,|,262.9155,262.9355,262.9355,0.01999999999998181,0.01999999999998181,-10.025869,False,False,False,False,False,none
31,16,147,153,إ,إ,262.9355,262.9555,262.9555,0.01999999999998181,0.01999999999998181,-9.681049,False,False,False,False,False,kasra
31,16,148,154,ِ,ِ,262.9555,262.9755,262.9755,0.020000000000038654,0.020000000000038654,-9.78744,False,True,False,False,False,fatha
31,16,149,155,ن,ن,262.9755,262.9955,262.9955,0.01999999999998181,0.01999999999998181,-12.721895,False,True,False,False,False,fatha
31,16,150,156,ّ,ّ,262.9955,263.0155,263.0155,0.01999999999998181,0.01999999999998181,-0.11762005,False,False,False,False,False,fatha
31,16,151,157,َ,َ,263.0155,263.0355,263.0355,0.020000000000038654,0.020000000000038654,-0.43936446,False,False,False,False,False,none
31,16,152,158, ,|,263.0355,263.0755,263.0555,0.03999999999996362,0.01999999999998181,-14.788898,False,False,False,False,False,none
31,16,153,159,ٱ,ا,263.0755,263.0955,263.0955,0.020000000000038654,0.020000000000038654,-0.2308303,False,False,False,False,False,none
31,16,154,160,ل,ل,263.0955,263.3755,263.1155,0.2799999999999727,0.01999999999998181,-16.210993,False,True,False,False,False,fatha
31,16,155,161,ل,ل,263.3755,263.39549999999997,263.39549999999997,0.01999999999998181,0.01999999999998181,-12.047305,False,True,False,False,False,fatha
31,16,156,162,ّ,ّ,263.39549999999997,263.4555,263.4155,0.060000000000002274,0.020000000000038654,-10.2249975,False,False,False,False,False,fatha
31,16,157,163,َ,َ,263.4555,264.6755,263.4755,1.2200000000000273,0.020000000000038654,-8.269562,False,False,False,False,False,fatha
31,16,158,164,ه,ه,264.6755,264.6955,264.6955,0.01999999999998181,0.01999999999998181,-15.296823,False,False,False,False,False,fatha
31,16,159,165,َ,َ,264.6955,264.7155,264.7155,0.020000000000038654,0.020000000000038654,-11.74169,False,False,False,False,False,fatha
31,16,160,166, ,|,264.7155,264.7355,264.7355,0.01999999999998181,0.01999999999998181,-1.2905835,False,False,False,False,False,fatha
31,16,161,167,ل,ل,264.7355,264.7555,264.7555,0.01999999999998181,0.01999999999998181,-14.736864,False,False,False,False,False,fatha
31,16,162,168,َ,َ,264.7555,264.83549999999997,264.77549999999997,0.07999999999998408,0.01999999999998181,-8.066921,False,False,False,False,False,kasra
31,16,163,169,ط,ط,264.83549999999997,264.8555,264.8555,0.020000000000038654,0.020000000000038654,-14.388093,True,False,False,False,False,kasra
31,16,164,170,ِ,ِ,264.8555,264.8755,264.8755,0.01999999999998181,0.01999999999998181,-0.6326284,False,False,False,False,False,tanween
31,16,165,171,ي,ي,264.8755,264.89549999999997,264.89549999999997,0.01999999999998181,0.01999999999998181,-12.7845,False,False,False,False,False,tanween
31,16,166,172,ف,ف,264.89549999999997,265.3155,264.9155,0.4200000000000159,0.020000000000038654,-15.310593,False,False,False,False,False,tanween
31,16,167,173,ٌ,ٌ,265.3155,265.33549999999997,265.33549999999997,0.01999999999998181,0.01999999999998181,-19.77929,False,False,False,False,False,fatha
31,16,168,174, ,|,265.33549999999997,265.3555,265.3555,0.020000000000038654,0.020000000000038654,-14.533398,False,False,False,False,False,fatha
31,16,169,175,خ,خ,265.3555,265.3755,265.3755,0.01999999999998181,0.01999999999998181,-16.759794,False,False,False,False,False,fatha
31,16,170,176,َ,َ,265.3755,265.39549999999997,265.39549999999997,0.01999999999998181,0.01999999999998181,-13.499287,False,False,False,False,False,kasra
31,16,171,177,ب,ب,265.39549999999997,265.4155,265.4155,0.020000000000038654,0.020000000000038654,-17.59668,False,False,False,False,False,kasra
31,16,172,178,ِ,ِ,265.4155,265.4355,265.4355,0.01999999999998181,0.01999999999998181,-15.26554,False,False,False,False,False,tanween
31,16,173,179,ي,ي,265.4355,265.4555,265.4555,0.01999999999998181,0.01999999999998181,-16.297756,False,False,False,False,False,tanween
31,16,174,180,ر,ر,265.4555,265.4755,265.4755,0.020000000000038654,0.020000000000038654,-10.709653,False,False,False,False,False,tanween
31,16,175,181,ٌ,ٌ,265.4755,265.51018750000003,265.4955,0.03468750000001819,0.01999999999998181,-15.875054,False,False,False,False,False,none
31,17,0,0,ي,ي,265.5701875,265.65018749999996,265.59018749999996,0.07999999999998408,0.01999999999998181,-13.609089,False,False,True,False,False,fatha
31,17,1,1,َ,َ,265.65018749999996,265.7501875,265.6701875,0.10000000000002274,0.020000000000038654,-0.0010078833,False,False,True,False,False,none
31,17,2,3,ٰ,ا,265.7501875,266.0501875,265.8101875,0.30000000000001137,0.060000000000002274,-0.009174385,False,False,False,False,False,damma
31,17,3,4,ب,ب,266.0501875,266.4701875,266.0701875,0.4200000000000159,0.01999999999998181,-12.86133,False,False,False,False,False,damma
31,17,4,5,ُ,ُ,266.4701875,266.6301875,266.4901875,0.15999999999996817,0.01999999999998181,-9.276888,False,False,False,False,False,fatha
31,17,5,6,ن,ن,266.6301875,266.6901875,266.65018749999996,0.060000000000002274,0.01999999999998181,-12.61329,False,False,False,False,False,fatha
31,17,6,7,َ,َ,266.6901875,266.8701875,266.71018749999996,0.18000000000000682,0.01999999999998181,-0.00013219437,False,True,False,False,False,fatha
31,17,7,8,ى,ى,266.8701875,267.2501875,266.89018749999997,0.37999999999999545,0.01999999999998181,-15.354775,False,True,False,False,False,fatha
31,17,8,9,ّ,ّ,267.2501875,267.7501875,267.27018749999996,0.5,0.01999999999998181,-10.299657,False,False,False,False,False,fatha
31,17,9,10,َ,َ,267.7501875,269.7901875,267.7901875,2.0400000000000205,0.040000000000020464,-0.09248134,False,False,False,False,False,fatha
31,17,10,11, ,|,270.4901875,270.5701875,270.5301875,0.07999999999998408,0.040000000000020464,-0.08624626,False,False,False,False,False,fatha
31,17,11,12,أ,أ,270.5701875,270.6101875,270.59018749999996,0.040000000000020464,0.01999999999998181,-0.005808024,False,False,False,False,False,fatha
31,17,12,13,َ,َ,270.6101875,270.8101875,270.65018749999996,0.19999999999998863,0.03999999999996362,-0.14201048,False,False,False,False,False,kasra
31,17,13,14,ق,ق,270.8101875,270.8701875,270.83018749999997,0.060000000000002274,0.01999999999998181,-0.10299474,True,False,False,False,False,kasra
31,17,14,15,ِ,ِ,270.8701875,270.9901875,270.89018749999997,0.12000000000000455,0.01999999999998181,-0.0007780147,False,False,False,False,False,kasra
31,17,15,16,م,م,270.9901875,271.0501875,271.0101875,0.060000000000002274,0.01999999999998181,-0.00040499115,False,False,False,False,False,kasra
31,17,16,17,ِ,ِ,271.0501875,271.15018749999996,271.0701875,0.0999999999999659,0.01999999999998181,-0.013620183,False,False,False,False,False,none
31,17,17,18, ,|,271.15018749999996,271.1901875,271.1901875,0.040000000000020464,0.040000000000020464,-0.0006974634,False,False,False,False,False,none
31,17,18,19,ٱ,ا,271.1901875,271.21018749999996,271.21018749999996,0.01999999999998181,0.01999999999998181,-0.0031136626,False,False,False,False,False,none
31,17,19,20,ل,ل,271.21018749999996,271.39018749999997,271.27018749999996,0.18000000000000682,0.060000000000002274,-0.11567103,False,True,False,False,False,fatha
31,17,20,21,ص,ص,271.39018749999997,271.4101875,271.4101875,0.020000000000038654,0.020000000000038654,-1.2278481e-05,True,True,False,False,False,fatha
31,17,21,22,ّ,ّ,271.4101875,271.4901875,271.4701875,0.07999999999998408,0.060000000000002274,-0.06618717,False,False,False,False,False,fatha
31,17,22,23,َ,َ,271.4901875,271.6101875,271.5101875,0.12000000000000455,0.01999999999998181,-0.0030554298,False,False,True,False,False,fatha
31,17,23,24,ل,ل,271.6101875,271.6901875,271.65018749999996,0.07999999999998408,0.03999999999996362,-2.4795088e-05,False,False,True,False,False,fatha
31,17,24,25,َ,َ,271.6901875,271.71018749999996,271.71018749999996,0.01999999999998181,0.01999999999998181,-7.418569,False,False,True,False,False,none
31,17,25,26,و,و,271.71018749999996,271.7501875,271.7301875,0.040000000000020464,0.020000000000038654,-20.953138,False,False,True,False,False,fatha
31,17,26,27,ٰ,ا,271.7501875,272.0101875,271.77018749999996,0.2599999999999909,0.01999999999998181,-0.00012528112,False,False,False,False,False,fatha
31,17,27,28,ة,ة,272.0101875,272.0701875,272.0301875,0.060000000000002274,0.020000000000038654,-3.2305197e-05,False,False,False,False,False,fatha
31,17,28,29,َ,َ,272.0701875,272.1301875,272.1101875,0.060000000000002274,0.040000000000020464,-0.010485639,False,False,False,False,False,fatha
31,17,29,30, ,|,272.1301875,272.2301875,272.1701875,0.10000000000002274,0.040000000000020464,-4.1304877e-05,False,False,False,False,False,fatha
31,17,30,31,و,و,272.2301875,272.3101875,272.2501875,0.07999999999998408,0.01999999999998181,-0.23987502,False,False,False,False,False,fatha
31,17,31,32,َ,َ,272.3101875,272.45018749999997,272.33018749999997,0.13999999999998636,0.01999999999998181,-0.0006454292,False,False,False,False,True,sukun
31,17,32,33,أ,أ,272.45018749999997,272.4901875,272.4701875,0.040000000000020464,0.020000000000038654,-2.9801879e-05,False,False,False,False,True,sukun
31,17,33,34,ْ,ْ,272.4901875,272.6301875,272.5301875,0.13999999999998636,0.040000000000020464,-0.107083715,False,False,False,False,False,damma
31,17,34,35,م,م,272.6301875,272.71018749999996,272.65018749999996,0.07999999999998408,0.01999999999998181,-2.7179349e-05,False,False,False,False,False,damma
31,17,35,36,ُ,ُ,272.71018749999996,272.8701875,272.7301875,0.160000000000025,0.020000000000038654,-0.030456955,False,False,False,False,True,sukun
31,17,36,37,ر,ر,272.8701875,272.9301875,272.89018749999997,0.060000000000002274,0.01999999999998181,-0.09735515,False,False,False,False,True,sukun
31,17,37,38,ْ,ْ,272.9301875,272.9701875,272.95018749999997,0.040000000000020464,0.01999999999998181,-6.556848,False,False,False,False,False,kasra
31,17,38,39, ,|,272.9701875,273.09018749999996,273.0101875,0.1199999999999477,0.03999999999996362,-0.00052628235,False,False,False,False,False,kasra
31,17,39,40,ب,ب,273.09018749999996,273.15018749999996,273.1101875,0.060000000000002274,0.020000000000038654,-0.49267992,False,False,False,False,False,kasra
31,17,40,41,ِ,ِ,273.15018749999996,273.27018749999996,273.1701875,0.12000000000000455,0.020000000000038654,-0.0007837323,False,False,False,False,False,sukun
31,17,41,42,ٱ,ا,273.27018749999996,273.33018749999997,273.2901875,0.060000000000002274,0.020000000000038654,-1.9057736,False,False,False,False,True,sukun
31,17,42,43,ل,ل,273.33018749999997,273.39018749999997,273.3701875,0.060000000000002274,0.040000000000020464,-0.002318207,False,False,False,False,True,sukun
31,17,43,44,ْ,ْ,273.39018749999997,273.4701875,273.4101875,0.08000000000004093,0.020000000000038654,-0.20502888,False,False,False,False,False,fatha
31,17,44,45,م,م,273.4701875,273.5501875,273.4901875,0.07999999999998408,0.01999999999998181,-1.9788546e-05,False,False,False,False,False,fatha
31,17,45,46,َ,َ,273.5501875,273.7301875,273.59018749999996,0.18000000000000682,0.03999999999996362,-0.035955332,False,False,False,False,True,sukun
31,17,46,47,ع,ع,273.7301875,273.77018749999996,273.7501875,0.03999999999996362,0.01999999999998181,-0.00013565097,False,False,False,False,True,sukun
31,17,47,48,ْ,ْ,273.77018749999996,273.89018749999997,273.8101875,0.12000000000000455,0.040000000000020464,-0.010065846,False,False,False,False,False,damma
31,17,48,49,ر,ر,273.89018749999997,273.9701875,273.9101875,0.08000000000004093,0.020000000000038654,-0.0011270845,False,False,False,False,False,damma
31,17,49,50,ُ,ُ,273.9701875,274.0501875,273.9901875,0.07999999999998408,0.01999999999998181,-0.016437002,False,False,False,False,False,kasra
31,17,50,51,و,و,274.0501875,274.27018749999996,274.0701875,0.21999999999997044,0.01999999999998181,-3.5046916e-05,False,False,False,False,False,kasra
31,17,51,52,ف,ف,274.27018749999996,274.33018749999997,274.2901875,0.060000000000002274,0.020000000000038654,-0.7892989,False,False,False,False,False,kasra
31,17,52,53,ِ,ِ,274.33018749999997,274.4301875,274.3501875,0.10000000000002274,0.020000000000038654,-1.8075354,False,False,False,False,False,fatha
31,17,53,54, ,|,274.4301875,274.5101875,274.4901875,0.07999999999998408,0.060000000000002274,-0.02728481,False,False,False,False,False,fatha
31,17,54,55,و,و,274.5101875,274.5701875,274.5301875,0.060000000000002274,0.020000000000038654,-8.106199e-06,False,False,False,False,False,fatha
31,17,55,56,َ,َ,274.5701875,274.65018749999996,274.59018749999996,0.07999999999998408,0.01999999999998181,-0.002259085,False,False,False,False,False,sukun
31,17,56,57,ٱ,ا,274.65018749999996,274.77018749999996,274.6901875,0.12000000000000455,0.040000000000020464,-0.014106228,False,False,False,False,True,sukun
31,17,57,58,ن,ن,274.77018749999996,274.83018749999997,274.7901875,0.060000000000002274,0.020000000000038654,-3.5527809,False,False,False,False,True,sukun
31,17,58,59,ْ,ْ,274.83018749999997,274.9101875,274.8701875,0.08000000000004093,0.040000000000020464,-0.5970907,False,False,False,False,False,fatha
31,17,59,60,ه,ه,274.9101875,274.9701875,274.9301875,0.060000000000002274,0.01999999999998181,-0.00069153233,False,False,False,False,False,fatha
31,17,60,61,َ,َ,274.9701875,275.0701875,274.9901875,0.0999999999999659,0.01999999999998181,-0.020542016,False,False,False,False,False,fatha
31,17,61,62, ,|,275.0701875,275.15018749999996,275.09018749999996,0.07999999999998408,0.01999999999998181,-1.3423152,False,False,False,False,False,fatha
31,17,62,63,ع,ع,275.15018749999996,275.1901875,275.1701875,0.040000000000020464,0.020000000000038654,-0.09546657,False,False,False,False,False,fatha
31,17,63,64,َ,َ,275.1901875,275.3701875,275.21018749999996,0.18000000000000682,0.01999999999998181,-0.34132138,False,False,False,False,False,kasra
31,17,64,65,ن,ن,275.3701875,275.4301875,275.39018749999997,0.060000000000002274,0.01999999999998181,-1.1780919,False,False,False,False,False,kasra
31,17,65,66,ِ,ِ,275.4301875,275.5701875,275.45018749999997,0.13999999999998636,0.01999999999998181,-0.0056327195,False,False,False,False,False,none
31,17,66,67, ,|,275.5701875,275.6101875,275.59018749999996,0.040000000000020464,0.01999999999998181,-4.238395,False,False,False,False,False,sukun
31,17,67,68,ٱ,ا,275.6101875,275.6301875,275.6301875,0.01999999999998181,0.01999999999998181,-6.392304,False,False,False,False,True,sukun
31,17,68,69,ل,ل,275.6301875,275.65018749999996,275.65018749999996,0.01999999999998181,0.01999999999998181,-7.997351,False,False,False,False,True,sukun
31,17,69,70,ْ,ْ,275.65018749999996,275.7301875,275.6701875,0.08000000000004093,0.020000000000038654,-8.737358,False,False,False,False,False,damma
31,17,70,71,م,م,275.7301875,275.83018749999997,275.7501875,0.0999999999999659,0.01999999999998181,-0.027916273,False,False,False,False,False,damma
31,17,71,72,ُ,ُ,275.83018749999997,276.45018749999997,275.8501875,0.6200000000000045,0.020000000000038654,-1.4914353,False,False,False,False,False,fatha
31,17,72,73,ن,ن,276.45018749999997,276.6701875,276.4701875,0.22000000000002728,0.020000000000038654,-0.06675486,False,False,False,False,False,fatha
31,17,73,74,ك,ك,276.6701875,276.7501875,276.6901875,0.07999999999998408,0.01999999999998181,-8.463824e-06,False,False,False,False,False,fatha
31,17,74,75,َ,َ,276.7501875,276.89018749999997,276.77018749999996,0.13999999999998636,0.01999999999998181,-0.068292424,False,False,False,False,False,kasra
31,17,75,76,ر,ر,276.89018749999997,276.95018749999997,276.9101875,0.060000000000002274,0.020000000000038654,-5.434314,False,False,False,False,False,kasra
31,17,76,77,ِ,ِ,276.95018749999997,277.0301875,276.9701875,0.08000000000004093,0.020000000000038654,-0.00032860602,False,False,False,False,False,fatha
31,17,77,78, ,|,277.0301875,277.09018749999996,277.0501875,0.05999999999994543,0.01999999999998181,-11.095731,False,False,False,False,False,fatha
31,17,78,79,و,و,277.09018749999996,277.15018749999996,277.1101875,0.060000000000002274,0.020000000000038654,-0.00080803165,False,False,False,False,False,fatha
31,17,79,80,َ,َ,277.15018749999996,277.21018749999996,277.1701875,0.060000000000002274,0.020000000000038654,-0.0001904783,False,False,False,False,False,sukun
31,17,80,81,ٱ,ا,277.21018749999996,277.3501875,277.2501875,0.1400000000000432,0.040000000000020464,-0.29837298,False,False,False,False,True,sukun
31,17,81,82,ص,ص,277.3501875,277.4301875,277.3701875,0.07999999999998408,0.01999999999998181,-0.00027569308,True,False,False,False,True,sukun
31,17,82,83,ْ,ْ,277.4301875,277.5301875,277.45018749999997,0.10000000000002274,0.01999999999998181,-0.0005293875,False,False,False,False,False,kasra
31,17,83,84,ب,ب,277.5301875,277.6101875,277.5501875,0.07999999999998408,0.01999999999998181,-0.00013052566,False,False,False,False,False,kasra
31,17,84,85,ِ,ِ,277.6101875,277.7501875,277.6301875,0.13999999999998636,0.01999999999998181,-0.001198646,False,False,False,False,True,sukun
31,17,85,86,ر,ر,277.7501875,277.8501875,277.7901875,0.10000000000002274,0.040000000000020464,-0.0009587116,False,False,False,False,True,sukun
31,17,86,87,ْ,ْ,277.8501875,277.89018749999997,277.8701875,0.03999999999996362,0.01999999999998181,-0.0035851032,False,False,False,False,False,fatha
31,17,87,88, ,|,277.89018749999997,278.0101875,277.95018749999997,0.12000000000000455,0.060000000000002274,-0.024731837,False,False,False,False,False,fatha
31,17,88,89,ع,ع,278.0101875,278.0501875,278.0301875,0.040000000000020464,0.020000000000038654,-0.0014901973,False,False,False,False,False,fatha
31,17,89,90,َ,َ,278.0501875,278.1701875,278.0701875,0.12000000000000455,0.01999999999998181,-0.0076056435,False,False,True,False,False,fatha
31,17,90,91,ل,ل,278.1701875,278.2301875,278.21018749999996,0.060000000000002274,0.03999999999996362,-0.29073268,False,False,True,False,False,fatha
31,17,91,92,َ,َ,278.2301875,278.2901875,278.2501875,0.060000000000002274,0.01999999999998181,-0.4260207,False,False,True,False,False,none
31,17,92,93,ى,ى,278.2901875,278.3101875,278.3101875,0.01999999999998181,0.01999999999998181,-5.193185,False,False,True,False,False,none
31,17,93,94,ٰ,ا,278.3101875,278.4901875,278.33018749999997,0.18000000000000682,0.01999999999998181,-5.208886,False,False,False,False,False,fatha
31,17,94,95, ,|,278.4901875,278.6101875,278.5301875,0.12000000000000455,0.040000000000020464,-0.24383585,False,False,False,True,False,fatha
31,17,95,96,م,م,278.6101875,278.6701875,278.6301875,0.060000000000002274,0.01999999999998181,-6.15101e-05,False,False,False,True,False,fatha
31,17,96,97,َ,َ,278.6701875,278.71018749999996,278.6901875,0.03999999999996362,0.01999999999998181,-1.0486518,False,False,False,True,False,none
31,17,97,98,ا,ا,278.71018749999996,278.7501875,278.7301875,0.040000000000020464,0.020000000000038654,-13.732423,False,False,False,True,False,none
31,17,98,99,ٓ,ا,278.7501875,279.6901875,278.77018749999996,0.9399999999999977,0.01999999999998181,-0.0025547268,False,False,False,False,False,fatha
31,17,99,100, ,|,279.6901875,279.77018749999996,279.7301875,0.07999999999998408,0.040000000000020464,-0.22934836,False,False,False,False,False,fatha
31,17,100,101,أ,أ,279.77018749999996,279.83018749999997,279.7901875,0.060000000000002274,0.020000000000038654,-0.000109904926,False,False,False,False,False,fatha
31,17,101,102,َ,َ,279.83018749999997,280.0301875,279.8501875,0.20000000000004547,0.020000000000038654,-0.001216744,False,False,False,False,False,fatha
31,17,102,103,ص,ص,280.0301875,280.1301875,280.0501875,0.0999999999999659,0.01999999999998181,-0.0010783817,True,False,False,False,False,fatha
31,17,103,104,َ,َ,280.1301875,280.21018749999996,280.15018749999996,0.07999999999998408,0.01999999999998181,-0.23513524,False,False,False,False,False,fatha
31,17,104,105,ا,ا,280.21018749999996,280.45018749999997,280.2301875,0.2400000000000091,0.020000000000038654,-0.00023445718,False,False,False,False,False,fatha
31,17,105,106,ب,ب,280.45018749999997,280.5101875,280.4701875,0.060000000000002274,0.020000000000038654,-0.00053903833,False,False,False,False,False,fatha
31,17,106,107,َ,َ,280.5101875,280.6901875,280.5301875,0.18000000000000682,0.020000000000038654,-0.6161026,False,False,False,False,False,fatha
31,17,107,108,ك,ك,280.6901875,280.71018749999996,280.71018749999996,0.01999999999998181,0.01999999999998181,-0.5140832,False,False,False,False,False,fatha
31,17,108,109,َ,َ,280.71018749999996,281.6301875,280.7301875,0.9200000000000159,0.020000000000038654,-9.866769,False,False,False,False,False,none
31,17,109,110, ,|,281.6301875,281.7901875,281.6901875,0.160000000000025,0.060000000000002274,-0.08044776,False,False,False,False,False,none
31,17,110,113,إ,إ,281.7901875,281.8501875,281.8101875,0.060000000000002274,0.01999999999998181,-0.00026603974,False,False,False,False,False,kasra
31,17,111,114,ِ,ِ,281.8501875,282.5101875,281.8701875,0.6599999999999682,0.01999999999998181,-0.0022624154,False,True,False,False,False,fatha
31,17,112,115,ن,ن,282.5101875,282.5301875,282.5301875,0.020000000000038654,0.020000000000038654,-2.9086643e-05,False,True,False,False,False,fatha
31,17,113,116,ّ,ّ,282.5301875,282.59018749999996,282.59018749999996,0.05999999999994543,0.05999999999994543,-0.31823137,False,False,False,False,False,fatha
31,17,114,117,َ,َ,282.59018749999996,282.65018749999996,282.6101875,0.060000000000002274,0.020000000000038654,-0.0007775382,False,False,True,False,False,fatha
31,17,115,118, ,|,282.65018749999996,282.7501875,282.6901875,0.10000000000002274,0.040000000000020464,-0.0017274818,False,False,True,False,False,fatha
31,17,116,119,ذ,ذ,282.7501875,282.83018749999997,282.7901875,0.07999999999998408,0.040000000000020464,-0.007020174,False,False,True,False,False,fatha
31,17,117,120,َ,َ,282.83018749999997,282.8501875,282.8501875,0.020000000000038654,0.020000000000038654,-0.11896225,False,False,True,False,False,kasra
31,17,118,121,ٰ,ا,282.8501875,283.1301875,282.8701875,0.2799999999999727,0.01999999999998181,-16.805191,False,False,False,False,False,kasra
31,17,119,122,ل,ل,283.1301875,283.1901875,283.15018749999996,0.060000000000002274,0.01999999999998181,-5.9245263e-05,False,False,False,False,False,kasra
31,17,120,123,ِ,ِ,283.1901875,283.3501875,283.21018749999996,0.160000000000025,0.01999999999998181,-0.00017236178,False,False,False,False,False,fatha
31,17,121,124,ك,ك,283.3501875,283.4101875,283.3701875,0.060000000000002274,0.01999999999998181,-2.467602e-05,False,False,False,False,False,fatha
31,17,122,125,َ,َ,283.4101875,283.4901875,283.4301875,0.07999999999998408,0.01999999999998181,-0.00018082414,False,False,False,False,False,kasra
31,17,123,126, ,|,283.4901875,283.59018749999996,283.5301875,0.0999999999999659,0.040000000000020464,-2.5987283e-05,False,False,False,False,False,kasra
31,17,124,127,م,م,283.59018749999996,283.65018749999996,283.6101875,0.060000000000002274,0.020000000000038654,-0.0026454474,False,False,False,False,False,kasra
31,17,125,128,ِ,ِ,283.65018749999996,283.83018749999997,283.6701875,0.18000000000000682,0.020000000000038654,-0.003306638,False,False,False,False,True,sukun
31,17,126,129,ن,ن,283.83018749999997,283.89018749999997,283.8501875,0.060000000000002274,0.020000000000038654,-0.0020754244,False,False,False,False,True,sukun
31,17,127,130,ْ,ْ,283.89018749999997,283.95018749999997,283.9101875,0.060000000000002274,0.020000000000038654,-0.54501545,False,False,False,False,False,fatha
31,17,128,131, ,|,283.95018749999997,284.0301875,283.9701875,0.08000000000004093,0.020000000000038654,-1.1286548,False,False,False,False,False,fatha
31,17,129,132,ع,ع,284.0301875,284.0701875,284.0501875,0.03999999999996362,0.01999999999998181,-3.048344,False,False,False,False,False,fatha
31,17,130,133,َ,َ,284.0701875,284.2501875,284.1101875,0.18000000000000682,0.040000000000020464,-0.46562153,False,False,False,False,True,sukun
31,17,131,134,ز,ز,284.2501875,284.3101875,284.27018749999996,0.060000000000002274,0.01999999999998181,-3.0583642,False,False,False,False,True,sukun
31,17,132,135,ْ,ْ,284.3101875,284.4301875,284.33018749999997,0.12000000000000455,0.01999999999998181,-0.018315595,False,False,False,False,False,kasra
31,17,133,136,م,م,284.4301875,284.4901875,284.45018749999997,0.060000000000002274,0.01999999999998181,-0.0015172171,False,False,False,False,False,kasra
31,17,134,137,ِ,ِ,284.4901875,284.5101875,284.5101875,0.01999999999998181,0.01999999999998181,-6.3112903,False,False,False,False,False,none
31,17,135,138, ,|,284.5101875,284.6101875,284.5301875,0.10000000000002274,0.020000000000038654,-8.513172,False,False,False,False,False,sukun
31,17,136,139,ٱ,ا,284.6101875,284.6701875,284.6301875,0.060000000000002274,0.01999999999998181,-13.552762,False,False,False,False,True,sukun
31,17,137,140,ل,ل,284.6701875,284.77018749999996,284.6901875,0.0999999999999659,0.01999999999998181,-0.5793232,False,False,False,False,True,sukun
31,17,138,141,ْ,ْ,284.77018749999996,284.8701875,284.7901875,0.10000000000002274,0.020000000000038654,-3.8012257,False,False,False,False,False,damma
31,17,139,142,أ,أ,284.8701875,284.9301875,284.89018749999997,0.060000000000002274,0.01999999999998181,-0.006732992,False,False,False,False,False,damma
31,17,140,143,ُ,ُ,284.9301875,285.0501875,284.95018749999997,0.12000000000000455,0.01999999999998181,-0.07152806,False,False,False,False,False,damma
31,17,141,144,م,م,285.0501875,285.0701875,285.0701875,0.01999999999998181,0.01999999999998181,-3.3132958,False,False,False,False,False,damma
31,17,142,145,ُ,ُ,285.0701875,285.09018749999996,285.09018749999996,0.01999999999998181,0.01999999999998181,-9.292764,False,False,False,False,False,kasra
31,17,143,146,و,و,285.09018749999996,285.1101875,285.1101875,0.020000000000038654,0.020000000000038654,-7.2701516,False,False,False,False,False,kasra
31,17,144,147,ر,ر,285.1101875,285.1301875,285.1301875,0.01999999999998181,0.01999999999998181,-10.474991,False,False,False,False,False,kasra
31,17,145,148,ِ,ِ,285.1301875,285.1571875,285.15018749999996,0.027000000000043656,0.01999999999998181,-13.26103,False,False,False,False,False,none
31,18,0,0,و,و,286.6771875,286.73718749999995,286.6971875,0.05999999999994543,0.01999999999998181,-0.0001792747,False,False,False,False,False,fatha
31,18,1,1,َ,َ,286.73718749999995,286.85718749999995,286.7571875,0.12000000000000455,0.020000000000038654,-0.001391158,False,False,False,False,False,fatha
31,18,2,2,ل,ل,286.85718749999995,286.91718749999995,286.8771875,0.060000000000002274,0.020000000000038654,-5.3644035e-06,False,False,False,False,False,fatha
31,18,3,3,َ,َ,286.91718749999995,286.97718749999996,286.9371875,0.060000000000002274,0.020000000000038654,-0.101715885,False,False,False,False,False,none
31,18,4,4,ا,ا,286.97718749999996,287.1171875,287.0171875,0.1400000000000432,0.040000000000020464,-0.14059731,False,False,False,False,False,damma
31,18,5,5, ,|,287.1171875,287.27718749999997,287.1771875,0.15999999999996817,0.060000000000002274,-0.2049408,False,False,False,False,False,damma
31,18,6,6,ت,ت,287.27718749999997,287.33718749999997,287.29718749999995,0.060000000000002274,0.01999999999998181,-0.00015877417,False,False,False,False,False,damma
31,18,7,7,ُ,ُ,287.33718749999997,287.53718749999996,287.35718749999995,0.19999999999998863,0.01999999999998181,-0.16397785,False,False,False,False,False,fatha
31,18,8,8,ص,ص,287.53718749999996,287.6171875,287.5571875,0.08000000000004093,0.020000000000038654,-3.6000558e-05,True,False,False,False,False,fatha
31,18,9,9,َ,َ,287.6171875,287.9371875,287.65718749999996,0.3199999999999932,0.03999999999996362,-0.12273954,False,True,False,False,False,kasra
31,18,10,10,ع,ع,287.9371875,287.9571875,287.9571875,0.01999999999998181,0.01999999999998181,-0.0009155849,False,True,False,False,False,kasra
31,18,11,11,ّ,ّ,287.9571875,287.97718749999996,287.97718749999996,0.01999999999998181,0.01999999999998181,-11.68947,False,False,False,False,False,kasra
31,18,12,12,ِ,ِ,287.97718749999996,288.15718749999996,288.0171875,0.18000000000000682,0.040000000000020464,-0.021330567,False,False,False,False,True,sukun
31,18,13,13,ر,ر,288.15718749999996,288.1971875,288.1771875,0.040000000000020464,0.020000000000038654,-0.76770455,False,False,False,False,True,sukun
31,18,14,14,ْ,ْ,288.1971875,288.23718749999995,288.23718749999995,0.03999999999996362,0.03999999999996362,-0.17686906,False,False,False,False,False,fatha
31,18,15,15, ,|,288.23718749999995,288.35718749999995,288.27718749999997,0.12000000000000455,0.040000000000020464,-0.015559802,False,False,False,False,False,fatha
31,18,16,16,خ,خ,288.35718749999995,288.41718749999995,288.3771875,0.060000000000002274,0.020000000000038654,-1.4445128,False,False,False,False,False,fatha
31,18,17,17,َ,َ,288.41718749999995,288.7571875,288.4371875,0.34000000000003183,0.020000000000038654,-0.0001753415,False,True,False,False,False,fatha
31,18,18,18,د,د,288.7571875,288.79718749999995,288.77718749999997,0.03999999999996362,0.01999999999998181,-5.9483667e-05,False,True,False,False,False,fatha
31,18,19,19,ّ,ّ,288.79718749999995,288.83718749999997,288.83718749999997,0.040000000000020464,0.040000000000020464,-0.03947739,False,False,False,False,False,fatha
31,18,20,20,َ,َ,288.83718749999997,289.0171875,288.85718749999995,0.18000000000000682,0.01999999999998181,-0.0003321811,False,False,False,False,False,fatha
31,18,21,21,ك,ك,289.0171875,289.0771875,289.03718749999996,0.060000000000002274,0.01999999999998181,-8.070143e-05,False,False,False,False,False,fatha
31,18,22,22,َ,َ,289.0771875,289.1371875,289.09718749999996,0.060000000000002274,0.01999999999998181,-2.9444262e-05,False,False,False,False,False,kasra
31,18,23,23, ,|,289.1371875,289.21718749999997,289.1771875,0.07999999999998408,0.040000000000020464,-0.00037144282,False,False,False,False,False,kasra
31,18,24,24,ل,ل,289.21718749999997,289.27718749999997,289.23718749999995,0.060000000000002274,0.01999999999998181,-2.4437606e-05,False,False,False,False,False,kasra
31,18,25,25,ِ,ِ,289.27718749999997,289.7571875,289.29718749999995,0.4800000000000182,0.01999999999998181,-0.00014459042,False,False,False,False,False,none
31,18,26,26,ل,ل,289.7571875,290.09718749999996,289.77718749999997,0.339999999999975,0.01999999999998181,-0.5794052,False,True,False,False,False,fatha
31,18,27,27,ن,ن,290.09718749999996,290.1371875,290.1171875,0.040000000000020464,0.020000000000038654,-1.5497088e-05,False,True,False,False,False,fatha
31,18,28,28,ّ,ّ,290.1371875,290.1971875,290.1971875,0.060000000000002274,0.060000000000002274,-0.043640573,False,False,False,False,False,fatha
31,18,29,29,َ,َ,290.1971875,290.2571875,290.21718749999997,0.060000000000002274,0.01999999999998181,-0.010937029,False,False,False,False,False,kasra
31,18,30,30,ا,ا,290.2571875,290.5171875,290.27718749999997,0.2599999999999909,0.01999999999998181,-1.0251946e-05,False,False,False,False,False,kasra
31,18,31,31,س,س,290.5171875,290.59718749999996,290.53718749999996,0.07999999999998408,0.01999999999998181,-3.933829e-05,False,False,False,False,False,kasra
31,18,32,32,ِ,ِ,290.59718749999996,290.65718749999996,290.6171875,0.060000000000002274,0.020000000000038654,-0.0001315984,False,False,False,False,False,fatha
31,18,33,33, ,|,290.65718749999996,290.77718749999997,290.73718749999995,0.12000000000000455,0.07999999999998408,-0.005146628,False,False,False,False,False,fatha
31,18,34,34,و,و,290.77718749999997,290.83718749999997,290.79718749999995,0.060000000000002274,0.01999999999998181,-1.3708975e-05,False,False,False,False,False,fatha
31,18,35,35,َ,َ,290.83718749999997,290.97718749999996,290.8771875,0.13999999999998636,0.040000000000020464,-0.105591945,False,False,False,False,False,fatha
31,18,36,36,ل,ل,290.97718749999996,291.0571875,291.0171875,0.08000000000004093,0.040000000000020464,-0.0070326747,False,False,False,False,False,fatha
31,18,37,37,َ,َ,291.0571875,291.1171875,291.0771875,0.060000000000002274,0.01999999999998181,-0.4369416,False,False,False,False,False,none
31,18,38,38,ا,ا,291.1171875,291.27718749999997,291.1371875,0.15999999999996817,0.01999999999998181,-8.70224e-06,False,False,False,False,False,fatha
31,18,39,39, ,|,291.27718749999997,291.41718749999995,291.3171875,0.13999999999998636,0.040000000000020464,-0.0002743497,False,False,False,False,False,fatha
31,18,40,40,ت,ت,291.41718749999995,291.47718749999996,291.4371875,0.060000000000002274,0.020000000000038654,-4.6848152e-05,False,False,False,False,False,fatha
31,18,41,41,َ,َ,291.47718749999996,291.65718749999996,291.4971875,0.18000000000000682,0.020000000000038654,-2.7656173e-05,False,False,False,False,True,sukun
31,18,42,42,م,م,291.65718749999996,291.6971875,291.6771875,0.040000000000020464,0.020000000000038654,-0.008176662,False,False,False,False,True,sukun
31,18,43,43,ْ,ْ,291.6971875,291.8171875,291.71718749999997,0.12000000000000455,0.01999999999998181,-0.004153198,False,False,False,False,False,kasra
31,18,44,44,ش,ش,291.8171875,291.8971875,291.83718749999997,0.07999999999998408,0.01999999999998181,-12.500027,False,False,False,False,False,kasra
31,18,45,45,ِ,ِ,291.8971875,291.9571875,291.91718749999995,0.060000000000002274,0.01999999999998181,-1.5020258e-05,False,False,False,False,False,kasra
31,18,46,46, ,|,291.9571875,292.0571875,291.9971875,0.10000000000002274,0.040000000000020464,-3.695391e-05,False,False,False,False,False,kasra
31,18,47,47,ف,ف,292.0571875,292.09718749999996,292.0771875,0.03999999999996362,0.01999999999998181,-0.00044443266,False,False,False,False,False,kasra
31,18,48,48,ِ,ِ,292.09718749999996,292.15718749999996,292.1371875,0.060000000000002274,0.040000000000020464,-0.044681855,False,False,False,False,False,none
31,18,49,49,ى,ى,292.15718749999996,292.21718749999997,292.1771875,0.060000000000002274,0.020000000000038654,-15.721254,False,False,False,False,False,none
31,18,50,50, ,|,292.21718749999997,292.27718749999997,292.27718749999997,0.060000000000002274,0.060000000000002274,-0.022046214,False,False,False,False,False,sukun
31,18,51,51,ٱ,ا,292.27718749999997,292.33718749999997,292.3171875,0.060000000000002274,0.040000000000020464,-0.12551291,False,False,False,False,True,sukun
31,18,52,52,ل,ل,292.33718749999997,292.41718749999995,292.3771875,0.07999999999998408,0.040000000000020464,-0.0005231636,False,False,False,False,True,sukun
31,18,53,53,ْ,ْ,292.41718749999995,292.4571875,292.4371875,0.040000000000020464,0.020000000000038654,-6.556113,False,False,False,False,False,fatha
31,18,54,54,أ,أ,292.4571875,292.5171875,292.47718749999996,0.060000000000002274,0.01999999999998181,-2.7536968e-05,False,False,False,False,False,fatha
31,18,55,55,َ,َ,292.5171875,292.6371875,292.53718749999996,0.12000000000000455,0.01999999999998181,-0.000120394136,False,False,False,False,True,sukun
31,18,56,56,ر,ر,292.6371875,292.6971875,292.65718749999996,0.060000000000002274,0.01999999999998181,-4.672895e-05,False,False,False,False,True,sukun
31,18,57,57,ْ,ْ,292.6971875,292.85718749999995,292.71718749999997,0.15999999999996817,0.01999999999998181,-0.08509748,False,False,False,False,False,kasra
31,18,58,58,ض,ض,292.85718749999995,292.9371875,292.8771875,0.08000000000004093,0.020000000000038654,-4.7563375e-05,True,False,False,False,False,kasra
31,18,59,59,ِ,ِ,292.9371875,292.9971875,292.97718749999996,0.060000000000002274,0.03999999999996362,-0.3429194,False,False,False,False,False,fatha
31,18,60,60, ,|,292.9971875,293.09718749999996,293.0571875,0.0999999999999659,0.060000000000002274,-0.00025645187,False,False,False,False,False,fatha
31,18,61,61,م,م,293.09718749999996,293.1771875,293.1171875,0.08000000000004093,0.020000000000038654,-0.00025495616,False,False,False,False,False,fatha
31,18,62,62,َ,َ,293.1771875,293.29718749999995,293.1971875,0.1199999999999477,0.01999999999998181,-7.486063e-05,False,False,False,False,False,fatha
31,18,63,63,ر,ر,293.29718749999995,293.35718749999995,293.3171875,0.060000000000002274,0.020000000000038654,-0.0024507984,False,False,False,False,False,fatha
31,18,64,64,َ,َ,293.35718749999995,293.5571875,293.3771875,0.20000000000004547,0.020000000000038654,-0.00045730147,False,False,False,False,False,tanween
31,18,65,65,ح,ح,293.5571875,293.6171875,293.5771875,0.060000000000002274,0.01999999999998181,-0.0001965568,False,False,False,False,False,tanween
31,18,66,66,ً,ً,293.6171875,293.6771875,293.65718749999996,0.060000000000002274,0.03999999999996362,-0.04993585,False,False,False,False,False,none
31,18,67,67,ا,ا,293.6771875,294.6971875,293.6971875,1.0199999999999818,0.01999999999998181,-0.027387388,False,False,False,False,False,none
31,18,68,68, ,|,294.6971875,294.83718749999997,294.77718749999997,0.13999999999998636,0.07999999999998408,-0.0034092185,False,False,False,False,False,none
31,18,69,71,إ,إ,294.83718749999997,294.8771875,294.85718749999995,0.040000000000020464,0.01999999999998181,-0.0011670929,False,False,False,False,False,kasra
31,18,70,72,ِ,ِ,294.8771875,295.6371875,294.91718749999995,0.7599999999999909,0.03999999999996362,-0.07486858,False,True,False,False,False,fatha
31,18,71,73,ن,ن,295.6371875,295.6771875,295.65718749999996,0.040000000000020464,0.01999999999998181,-3.1232346e-05,False,True,False,False,False,fatha
31,18,72,74,ّ,ّ,295.6771875,295.71718749999997,295.71718749999997,0.03999999999996362,0.03999999999996362,-0.18722954,False,False,False,False,False,fatha
31,18,73,75,َ,َ,295.71718749999997,295.77718749999997,295.7571875,0.060000000000002274,0.040000000000020464,-0.018549712,False,False,False,False,False,none
31,18,74,76, ,|,295.77718749999997,295.83718749999997,295.83718749999997,0.060000000000002274,0.060000000000002274,-0.0004234826,False,False,False,False,False,none
31,18,75,77,ٱ,ا,295.83718749999997,295.8771875,295.8771875,0.040000000000020464,0.040000000000020464,-8.499048e-05,False,False,False,False,False,none
31,18,76,78,ل,ل,295.8771875,296.1171875,295.9571875,0.2400000000000091,0.07999999999998408,-0.07728852,False,True,False,False,False,fatha
31,18,77,79,ل,ل,296.1171875,296.15718749999996,296.1371875,0.03999999999996362,0.01999999999998181,-0.00021038226,False,True,False,False,False,fatha
31,18,78,80,ّ,ّ,296.15718749999996,296.1971875,296.1771875,0.040000000000020464,0.020000000000038654,-0.012436931,False,False,False,False,False,fatha
31,18,79,81,َ,َ,296.1971875,296.4571875,296.23718749999995,0.2599999999999909,0.03999999999996362,-0.05000498,False,False,False,False,False,fatha
31,18,80,82,ه,ه,296.4571875,296.5171875,296.47718749999996,0.060000000000002274,0.01999999999998181,-7.510157e-06,False,False,False,False,False,fatha
31,18,81,83,َ,َ,296.5171875,296.6171875,296.53718749999996,0.10000000000002274,0.01999999999998181,-0.000387236,False,False,False,False,False,fatha
31,18,82,84, ,|,296.6171875,296.6971875,296.65718749999996,0.07999999999998408,0.03999999999996362,-9.8757286e-05,False,False,False,False,False,fatha
31,18,83,85,ل,ل,296.6971875,296.7571875,296.71718749999997,0.060000000000002274,0.01999999999998181,-3.3378547e-06,False,False,False,False,False,fatha
31,18,84,86,َ,َ,296.7571875,296.8171875,296.77718749999997,0.060000000000002274,0.01999999999998181,-0.20141967,False,False,False,False,False,none
31,18,85,87,ا,ا,296.8171875,296.97718749999996,296.83718749999997,0.15999999999996817,0.01999999999998181,-1.668916e-05,False,False,False,False,False,damma
31,18,86,88, ,|,296.97718749999996,297.0571875,297.0171875,0.08000000000004093,0.040000000000020464,-3.516593e-05,False,False,False,False,False,damma
31,18,87,89,ي,ي,297.0571875,297.1171875,297.0771875,0.060000000000002274,0.01999999999998181,-1.4543428e-05,False,False,False,False,False,damma
31,18,88,90,ُ,ُ,297.1171875,297.3171875,297.15718749999996,0.19999999999998863,0.03999999999996362,-0.0019725035,False,False,False,False,False,kasra
31,18,89,91,ح,ح,297.3171875,297.3771875,297.33718749999997,0.060000000000002274,0.01999999999998181,-0.00023886688,False,False,False,False,False,kasra
31,18,90,92,ِ,ِ,297.3771875,297.65718749999996,297.41718749999995,0.2799999999999727,0.03999999999996362,-0.030085243,False,True,False,False,False,damma
31,18,91,93,ب,ب,297.65718749999996,297.6971875,297.6771875,0.040000000000020464,0.020000000000038654,-3.2543605e-05,False,True,False,False,False,damma
31,18,92,94,ّ,ّ,297.6971875,297.7571875,297.7571875,0.060000000000002274,0.060000000000002274,-0.0005712866,False,False,False,False,False,damma
31,18,93,95,ُ,ُ,297.7571875,297.8171875,297.77718749999997,0.060000000000002274,0.01999999999998181,-0.0186139,False,False,False,False,False,damma
31,18,94,96, ,|,297.8171875,297.9571875,297.8771875,0.13999999999998636,0.060000000000002274,-0.0026325071,False,False,False,False,False,damma
31,18,95,97,ك,ك,297.9571875,298.0171875,297.9971875,0.060000000000002274,0.040000000000020464,-0.00013367932,False,False,False,False,False,damma
31,18,96,98,ُ,ُ,298.0171875,298.3171875,298.03718749999996,0.30000000000001137,0.01999999999998181,-1.0251946e-05,False,True,False,False,False,fatha
31,18,97,99,ل,ل,298.3171875,298.35718749999995,298.35718749999995,0.03999999999996362,0.03999999999996362,-0.021439534,False,True,False,False,False,fatha
31,18,98,100,ّ,ّ,298.35718749999995,298.41718749999995,298.41718749999995,0.060000000000002274,0.060000000000002274,-0.11867476,False,False,False,False,False,fatha
31,18,99,101,َ,َ,298.41718749999995,298.4971875,298.4371875,0.08000000000004093,0.020000000000038654,-0.20184003,False,False,False,False,False,damma
31,18,100,102, ,|,298.4971875,298.5771875,298.5571875,0.07999999999998408,0.060000000000002274,-0.023268929,False,False,False,False,False,damma
31,18,101,103,م,م,298.5771875,298.6371875,298.59718749999996,0.060000000000002274,0.01999999999998181,-7.724464e-05,False,False,False,False,False,damma
31,18,102,104,ُ,ُ,298.6371875,298.77718749999997,298.65718749999996,0.13999999999998636,0.01999999999998181,-5.2808322e-05,False,False,False,False,True,sukun
31,18,103,105,خ,خ,298.77718749999997,298.85718749999995,298.8171875,0.07999999999998408,0.040000000000020464,-0.06752295,False,False,False,False,True,sukun
31,18,104,106,ْ,ْ,298.85718749999995,298.97718749999996,298.8771875,0.12000000000000455,0.020000000000038654,-4.731514,False,False,False,False,False,fatha
31,18,105,107,ت,ت,298.97718749999996,299.0571875,298.9971875,0.08000000000004093,0.020000000000038654,-0.0010827876,False,False,False,False,False,fatha
31,18,106,108,َ,َ,299.0571875,299.15718749999996,299.0771875,0.0999999999999659,0.01999999999998181,-0.047525473,False,False,False,False,False,tanween
31,18,107,109,ا,ا,299.15718749999996,299.3971875,299.1771875,0.2400000000000091,0.020000000000038654,-0.0053651393,False,False,False,False,False,tanween
31,18,108,110,ل,ل,299.3971875,299.4571875,299.41718749999995,0.060000000000002274,0.01999999999998181,-7.950944e-05,False,False,False,False,False,tanween
31,18,109,111,ٍ,ٍ,299.4571875,300.0771875,299.4971875,0.6200000000000045,0.040000000000020464,-0.011036848,False,False,False,False,False,none
31,18,110,113, ,|,300.0771875,300.1971875,300.1171875,0.12000000000000455,0.040000000000020464,-0.20451184,False,False,False,False,False,fatha
31,18,111,114,ف,ف,300.1971875,300.27718749999997,300.21718749999997,0.07999999999998408,0.01999999999998181,-5.125868e-05,False,False,False,False,False,fatha
31,18,112,115,َ,َ,300.27718749999997,300.4571875,300.29718749999995,0.18000000000000682,0.01999999999998181,-5.6146e-05,False,False,False,False,False,damma
31,18,113,116,خ,خ,300.4571875,300.5171875,300.47718749999996,0.060000000000002274,0.01999999999998181,-1.4880782,False,False,False,False,False,damma
31,18,114,117,ُ,ُ,300.5171875,300.6371875,300.53718749999996,0.12000000000000455,0.01999999999998181,-0.43985972,False,False,False,False,False,tanween
31,18,115,118,و,و,300.6371875,300.9571875,300.65718749999996,0.3199999999999932,0.01999999999998181,-0.01907622,False,False,False,False,False,tanween
31,18,116,119,ر,ر,300.9571875,301.2571875,300.97718749999996,0.30000000000001137,0.01999999999998181,-13.156297,False,False,False,False,False,tanween
31,18,117,120,ٍ,ٍ,301.2571875,301.28400000000005,301.27718749999997,0.0268125000000623,0.01999999999998181,-18.605473,False,False,False,False,False,none
31,19,0,0,و,و,302.044,302.104,302.064,0.060000000000002274,0.020000000000038654,-2.5868081e-05,False,False,False,False,False,fatha
31,19,1,1,َ,َ,302.104,302.184,302.144,0.08000000000004093,0.040000000000020464,-0.0028213703,False,False,False,False,False,sukun
31,19,2,2,ٱ,ا,302.184,302.30400000000003,302.204,0.12000000000000455,0.01999999999998181,-11.38287,False,False,False,False,True,sukun
31,19,3,3,ق,ق,302.30400000000003,302.364,302.324,0.05999999999994543,0.01999999999998181,-0.4916839,True,False,False,False,True,sukun
31,19,4,4,ْ,ْ,302.364,302.504,302.384,0.1400000000000432,0.020000000000038654,-0.2481266,False,False,False,False,False,kasra
31,19,5,5,ص,ص,302.504,302.564,302.524,0.060000000000002274,0.01999999999998181,-1.0847986e-05,True,False,False,False,False,kasra
31,19,6,6,ِ,ِ,302.564,302.704,302.604,0.13999999999998636,0.03999999999996362,-0.0054718982,False,False,False,False,True,sukun
31,19,7,7,د,د,302.704,302.744,302.724,0.040000000000020464,0.01999999999998181,-0.27836284,False,False,False,False,True,sukun
31,19,8,8,ْ,ْ,302.744,302.80400000000003,302.784,0.060000000000002274,0.03999999999996362,-0.11471395,False,False,False,False,False,kasra
31,19,9,9, ,|,302.80400000000003,302.904,302.864,0.0999999999999659,0.05999999999994543,-0.0022264204,False,False,False,False,False,kasra
31,19,10,10,ف,ف,302.904,302.984,302.924,0.07999999999998408,0.01999999999998181,-0.00039605403,False,False,False,False,False,kasra
31,19,11,11,ِ,ِ,302.984,303.064,303.004,0.08000000000004093,0.020000000000038654,-0.013646171,False,False,False,False,False,none
31,19,12,12,ى,ى,303.064,303.184,303.084,0.12000000000000455,0.01999999999998181,-13.980045,False,False,False,False,False,fatha
31,19,13,13, ,|,303.184,303.30400000000003,303.244,0.12000000000000455,0.060000000000002274,-0.026746644,False,False,False,False,False,fatha
31,19,14,14,م,م,303.30400000000003,303.364,303.324,0.05999999999994543,0.01999999999998181,-1.180165e-05,False,False,False,False,False,fatha
31,19,15,15,َ,َ,303.364,303.564,303.404,0.20000000000004547,0.040000000000020464,-0.028079957,False,False,False,False,True,sukun
31,19,16,16,ش,ش,303.564,303.624,303.584,0.060000000000002274,0.01999999999998181,-0.00011026251,False,False,False,False,True,sukun
31,19,17,17,ْ,ْ,303.624,303.744,303.644,0.12000000000000455,0.01999999999998181,-0.62555426,False,False,False,False,False,kasra
31,19,18,18,ي,ي,303.744,303.824,303.764,0.07999999999998408,0.01999999999998181,-0.004002181,False,False,False,False,False,kasra
31,19,19,19,ِ,ِ,303.824,303.984,303.844,0.15999999999996817,0.01999999999998181,-0.108375534,False,False,False,False,False,fatha
31,19,20,20,ك,ك,303.984,304.044,304.024,0.060000000000002274,0.040000000000020464,-0.031058254,False,False,False,False,False,fatha
31,19,21,21,َ,َ,304.044,304.124,304.084,0.08000000000004093,0.040000000000020464,-0.29989737,False,False,False,False,False,fatha
31,19,22,22, ,|,304.124,304.204,304.184,0.07999999999998408,0.060000000000002274,-0.0045377645,False,False,False,False,False,fatha
31,19,23,23,و,و,304.204,304.244,304.224,0.040000000000020464,0.01999999999998181,-0.00016413772,False,False,False,False,False,fatha
31,19,24,24,َ,َ,304.244,304.364,304.284,0.1199999999999477,0.03999999999996362,-0.041973233,False,False,False,False,False,sukun
31,19,25,25,ٱ,ا,304.364,304.424,304.384,0.060000000000002274,0.020000000000038654,-1.807416,False,False,False,False,True,sukun
31,19,26,26,غ,غ,304.424,304.504,304.444,0.08000000000004093,0.020000000000038654,-4.872665,False,False,False,False,True,sukun
31,19,27,27,ْ,ْ,304.504,304.624,304.524,0.12000000000000455,0.01999999999998181,-4.678457,False,False,False,False,False,damma
31,19,28,28,ض,ض,304.624,304.704,304.644,0.07999999999998408,0.01999999999998181,-4.2493067,True,False,False,False,False,damma
31,19,29,29,ُ,ُ,304.704,304.884,304.724,0.18000000000000682,0.01999999999998181,-0.26504713,False,False,False,False,True,sukun
31,19,30,30,ض,ض,304.884,304.944,304.904,0.060000000000002274,0.01999999999998181,-1.9003168,True,False,False,False,True,sukun
31,19,31,31,ْ,ْ,304.944,305.004,304.984,0.060000000000002274,0.03999999999996362,-0.24332884,False,False,False,False,False,kasra
31,19,32,32, ,|,305.004,305.104,305.024,0.0999999999999659,0.01999999999998181,-0.15682489,False,False,False,False,False,kasra
31,19,33,33,م,م,305.104,305.184,305.124,0.08000000000004093,0.020000000000038654,-0.00052771944,False,False,False,False,False,kasra
31,19,34,34,ِ,ِ,305.184,305.344,305.204,0.15999999999996817,0.01999999999998181,-0.0020303368,False,False,False,False,False,none
31,19,35,35,ن,ن,305.344,305.944,305.364,0.6000000000000227,0.01999999999998181,-2.5073726,False,False,False,False,False,fatha
31,19,36,36, ,|,305.944,306.084,305.964,0.13999999999998636,0.01999999999998181,-1.3050227,False,False,False,False,False,fatha
31,19,37,37,ص,ص,306.084,306.164,306.104,0.07999999999998408,0.01999999999998181,-2.6344906e-05,True,False,False,False,False,fatha
31,19,38,38,َ,َ,306.164,306.30400000000003,306.184,0.1400000000000432,0.020000000000038654,-0.0051574996,False,False,False,False,True,sukun
31,19,39,39,و,و,306.30400000000003,306.344,306.324,0.03999999999996362,0.01999999999998181,-4.3868058e-05,False,False,False,False,True,sukun
31,19,40,40,ْ,ْ,306.344,306.544,306.384,0.19999999999998863,0.040000000000020464,-0.4060908,False,False,False,False,False,kasra
31,19,41,41,ت,ت,306.544,306.604,306.564,0.060000000000002274,0.020000000000038654,-8.844938e-05,False,False,False,False,False,kasra
31,19,42,42,ِ,ِ,306.604,306.844,306.624,0.2400000000000091,0.020000000000038654,-0.0007126176,False,False,False,False,False,fatha
31,19,43,43,ك,ك,306.844,306.884,306.864,0.040000000000020464,0.01999999999998181,-0.02892723,False,False,False,False,False,fatha
31,19,44,44,َ,َ,306.884,307.524,306.904,0.6399999999999864,0.01999999999998181,-9.897419,False,False,False,False,False,none
31,19,45,45, ,|,307.524,307.684,307.624,0.160000000000025,0.10000000000002274,-0.11695709,False,False,False,False,False,none
31,19,46,48,إ,إ,307.684,307.744,307.704,0.060000000000002274,0.01999999999998181,-0.00013302872,False,False,False,False,False,kasra
31,19,47,49,ِ,ِ,307.744,308.484,307.784,0.7399999999999523,0.03999999999996362,-0.020346062,False,True,False,False,False,fatha
31,19,48,50,ن,ن,308.484,308.524,308.504,0.040000000000020464,0.020000000000038654,-5.6028207e-06,False,True,False,False,False,fatha
31,19,49,51,ّ,ّ,308.524,308.564,308.564,0.040000000000020464,0.040000000000020464,-0.00069676165,False,False,False,False,False,fatha
31,19,50,52,َ,َ,308.564,308.644,308.604,0.07999999999998408,0.03999999999996362,-0.00048712094,False,False,False,False,False,fatha
31,19,51,53, ,|,308.644,308.744,308.704,0.10000000000002274,0.060000000000002274,-0.058433514,False,False,False,False,False,fatha
31,19,52,54,أ,أ,308.744,308.784,308.764,0.03999999999996362,0.01999999999998181,-1.4662635e-05,False,False,False,False,False,fatha
31,19,53,55,َ,َ,308.784,309.164,308.824,0.37999999999999545,0.040000000000020464,-0.026828956,False,False,False,False,False,fatha
31,19,54,56,ن,ن,309.164,309.444,309.184,0.28000000000002956,0.020000000000038654,-0.026558304,False,False,False,False,False,fatha
31,19,55,57,ك,ك,309.444,309.524,309.464,0.07999999999998408,0.01999999999998181,-7.0333235e-06,False,False,False,False,False,fatha
31,19,56,58,َ,َ,309.524,309.664,309.544,0.13999999999998636,0.01999999999998181,-0.0015242398,False,False,False,False,False,fatha
31,19,57,59,ر,ر,309.664,309.724,309.684,0.060000000000002274,0.020000000000038654,-0.00017557987,False,False,False,False,False,fatha
31,19,58,60,َ,َ,309.724,309.80400000000003,309.744,0.08000000000004093,0.020000000000038654,-0.0020224848,False,False,False,False,False,none
31,19,59,61, ,|,309.80400000000003,309.844,309.844,0.03999999999996362,0.03999999999996362,-0.07081502,False,False,False,False,False,sukun
31,19,60,62,ٱ,ا,309.844,309.944,309.884,0.10000000000002274,0.040000000000020464,-0.21505457,False,False,False,False,True,sukun
31,19,61,63,ل,ل,309.944,310.004,309.984,0.060000000000002274,0.03999999999996362,-0.057687778,False,False,False,False,True,sukun
31,19,62,64,ْ,ْ,310.004,310.044,310.024,0.03999999999996362,0.01999999999998181,-1.7463523,False,False,False,False,False,fatha
31,19,63,65,أ,أ,310.044,310.104,310.064,0.060000000000002274,0.020000000000038654,-1.7285198e-05,False,False,False,False,False,fatha
31,19,64,66,َ,َ,310.104,310.244,310.124,0.1400000000000432,0.020000000000038654,-0.0003601856,False,False,False,False,True,sukun
31,19,65,67,ص,ص,310.244,310.324,310.264,0.07999999999998408,0.01999999999998181,-2.741776e-05,True,False,True,False,True,sukun
31,19,66,68,ْ,ْ,310.324,310.424,310.364,0.0999999999999659,0.03999999999996362,-0.037940115,False,False,True,False,False,fatha
31,19,67,69,و,و,310.424,310.504,310.444,0.08000000000004093,0.020000000000038654,-8.248942e-05,False,False,True,False,False,fatha
31,19,68,70,َ,َ,310.504,310.604,310.524,0.0999999999999659,0.01999999999998181,-0.0057089375,False,False,True,False,False,kasra
31,19,69,71,ٰ,ا,310.604,310.844,310.624,0.2400000000000091,0.020000000000038654,-0.12435868,False,False,False,False,False,kasra
31,19,70,72,ت,ت,310.844,310.904,310.864,0.060000000000002274,0.01999999999998181,-2.349338,False,False,False,False,False,kasra
31,19,71,73,ِ,ِ,310.904,310.964,310.944,0.060000000000002274,0.040000000000020464,-0.23970293,False,False,False,False,False,fatha
31,19,72,74, ,|,310.964,311.064,311.004,0.10000000000002274,0.040000000000020464,-0.079568006,False,False,False,False,False,fatha
31,19,73,75,ل,ل,311.064,311.124,311.084,0.060000000000002274,0.01999999999998181,-4.0954347,False,False,False,False,False,fatha
31,19,74,76,َ,َ,311.124,311.284,311.144,0.15999999999996817,0.01999999999998181,-5.125868e-05,False,False,False,False,False,fatha
31,19,75,77,ص,ص,311.284,311.364,311.30400000000003,0.07999999999998408,0.020000000000038654,-7.235742e-05,True,False,False,False,False,fatha
31,19,76,78,َ,َ,311.364,311.484,311.384,0.12000000000000455,0.020000000000038654,-4.6848152e-05,False,False,False,False,True,sukun
31,19,77,79,و,و,311.484,311.544,311.504,0.060000000000002274,0.020000000000038654,-1.6450747e-05,False,False,False,False,True,sukun
31,19,78,80,ْ,ْ,311.544,311.704,311.564,0.160000000000025,0.020000000000038654,-0.0051202597,False,False,False,False,False,damma
31,19,79,81,ت,ت,311.704,311.764,311.724,0.060000000000002274,0.01999999999998181,-0.0008747327,False,False,False,False,False,damma
31,19,80,82,ُ,ُ,311.764,311.864,311.80400000000003,0.0999999999999659,0.040000000000020464,-0.17894748,False,False,False,False,False,none
31,19,81,83, ,|,311.864,311.924,311.924,0.060000000000002274,0.060000000000002274,-0.024467288,False,False,False,False,False,sukun
31,19,82,84,ٱ,ا,311.924,311.984,311.964,0.060000000000002274,0.040000000000020464,-0.09998563,False,False,False,False,True,sukun
31,19,83,85,ل,ل,311.984,312.024,312.004,0.040000000000020464,0.020000000000038654,-1.4066597e-05,False,False,False,False,True,sukun
31,19,84,86,ْ,ْ,312.024,312.124,312.044,0.10000000000002274,0.01999999999998181,-0.111177094,False,False,False,False,False,fatha
31,19,85,87,ح,ح,312.124,312.184,312.144,0.060000000000002274,0.01999999999998181,-6.437094e-05,False,False,False,False,False,fatha
31,19,86,88,َ,َ,312.184,312.344,312.224,0.15999999999996817,0.03999999999996362,-0.2213104,False,False,False,False,False,kasra
31,19,87,89,م,م,312.344,312.424,312.384,0.07999999999998408,0.040000000000020464,-0.15883933,False,False,False,False,False,kasra
31,19,88,90,ِ,ِ,312.424,312.524,312.444,0.10000000000002274,0.020000000000038654,-0.019328464,False,False,False,False,False,kasra
31,19,89,91,ي,ي,312.524,314.564,312.564,2.0400000000000205,0.040000000000020464,-0.034808718,False,False,False,False,False,kasra
31,19,90,92,ر,ر,314.844,315.184,314.86400000000003,0.34000000000003183,0.020000000000038654,-5.1854695e-05,False,False,False,False,False,kasra
31,19,91,93,ِ,ِ,315.184,315.22700000000003,315.204,0.043000000000006366,0.01999999999998181,-12.835285,False,False,False,False,False,none
31,20,0,0,أ,أ,315.027,315.04699999999997,315.04699999999997,0.01999999999998181,0.01999999999998181,-13.46784,False,False,False,False,False,fatha
31,20,1,1,َ,َ,315.04699999999997,315.067,315.067,0.020000000000038654,0.020000000000038654,-12.6343565,False,False,False,False,False,fatha
31,20,2,2,ل,ل,315.067,315.10699999999997,315.087,0.03999999999996362,0.01999999999998181,-5.2238536,False,False,False,False,False,fatha
31,20,3,3,َ,َ,315.10699999999997,315.127,315.127,0.020000000000038654,0.020000000000038654,-11.788591,False,False,False,False,True,sukun
31,20,4,4,م,م,315.127,315.147,315.147,0.01999999999998181,0.01999999999998181,-11.986141,False,False,False,False,True,sukun
31,20,5,5,ْ,ْ,315.147,315.187,315.167,0.040000000000020464,0.01999999999998181,-0.9822762,False,False,False,False,False,fatha
31,20,6,6, ,|,315.187,315.267,315.247,0.07999999999998408,0.060000000000002274,-0.039743673,False,False,False,False,False,fatha
31,20,7,7,ت,ت,315.267,315.30699999999996,315.287,0.03999999999996362,0.01999999999998181,-15.248124,False,False,False,False,False,fatha
31,20,8,8,َ,َ,315.30699999999996,315.327,315.327,0.020000000000038654,0.020000000000038654,-4.6192913,False,False,False,False,False,fatha
31,20,9,9,ر,ر,315.327,315.347,315.347,0.01999999999998181,0.01999999999998181,-15.252804,False,False,False,False,False,fatha
31,20,10,10,َ,َ,315.347,315.36699999999996,315.36699999999996,0.01999999999998181,0.01999999999998181,-0.0045553246,False,False,False,False,True,sukun
31,20,11,11,و,و,315.36699999999996,315.527,315.387,0.160000000000025,0.020000000000038654,-18.498106,False,False,False,False,True,sukun
31,20,12,12,ْ,ْ,315.527,315.947,315.54699999999997,0.4200000000000159,0.01999999999998181,-18.11914,False,False,False,False,False,none
31,20,13,13,ا,ا,315.947,316.007,315.967,0.060000000000002274,0.01999999999998181,-19.054688,False,False,False,False,False,none
31,20,14,15, ,|,316.007,316.04699999999997,316.027,0.03999999999996362,0.01999999999998181,-14.785156,False,False,False,False,False,fatha
31,20,15,16,أ,أ,316.04699999999997,316.087,316.067,0.040000000000020464,0.020000000000038654,-20.753906,False,False,False,False,False,fatha
31,20,16,17,َ,َ,316.087,316.127,316.10699999999997,0.040000000000020464,0.01999999999998181,-18.442383,False,True,False,False,False,fatha
31,20,17,18,ن,ن,316.127,316.167,316.147,0.03999999999996362,0.01999999999998181,-1.5735503e-05,False,True,False,False,False,fatha
31,20,18,19,ّ,ّ,316.167,316.207,316.207,0.040000000000020464,0.040000000000020464,-0.0067792465,False,False,False,False,False,fatha
31,20,19,20,َ,َ,316.207,316.267,316.247,0.060000000000002274,0.040000000000020464,-0.00093429716,False,False,False,False,False,none
31,20,20,21, ,|,316.267,316.327,316.327,0.060000000000002274,0.060000000000002274,-0.029030658,False,False,False,False,False,none
31,20,21,22,ٱ,ا,316.327,316.36699999999996,316.36699999999996,0.03999999999996362,0.03999999999996362,-0.005423208,False,False,False,False,False,none
31,20,22,23,ل,ل,316.36699999999996,316.567,316.42699999999996,0.20000000000004547,0.060000000000002274,-0.0028164207,False,True,False,False,False,fatha
31,20,23,24,ل,ل,316.567,316.60699999999997,316.587,0.03999999999996362,0.01999999999998181,-0.00023183519,False,True,False,False,False,fatha
31,20,24,25,ّ,ّ,316.60699999999997,316.647,316.647,0.040000000000020464,0.040000000000020464,-0.0022277741,False,False,False,False,False,fatha
31,20,25,26,َ,َ,316.647,316.907,316.687,0.2599999999999909,0.040000000000020464,-0.16715103,False,False,False,False,False,fatha
31,20,26,27,ه,ه,316.907,316.967,316.92699999999996,0.060000000000002274,0.01999999999998181,-0.0005122303,False,False,False,False,False,fatha
31,20,27,28,َ,َ,316.967,317.027,316.98699999999997,0.060000000000002274,0.01999999999998181,-0.0026490141,False,False,False,False,False,fatha
31,20,28,29, ,|,317.027,317.147,317.067,0.12000000000000455,0.040000000000020464,-0.0104131745,False,False,False,False,False,fatha
31,20,29,30,س,س,317.147,317.247,317.167,0.10000000000002274,0.01999999999998181,-0.00023409964,False,False,False,False,False,fatha
31,20,30,31,َ,َ,317.247,317.54699999999997,317.267,0.2999999999999545,0.01999999999998181,-0.0005533356,False,True,False,False,False,fatha
31,20,31,32,خ,خ,317.54699999999997,317.587,317.567,0.040000000000020464,0.020000000000038654,-0.5672215,False,True,False,False,False,fatha
31,20,32,33,ّ,ّ,317.587,317.647,317.627,0.060000000000002274,0.040000000000020464,-0.032467708,False,False,False,False,False,fatha
31,20,33,34,َ,َ,317.647,317.767,317.667,0.12000000000000455,0.01999999999998181,-0.0005231919,False,False,False,False,False,fatha
31,20,34,35,ر,ر,317.767,317.80699999999996,317.787,0.03999999999996362,0.01999999999998181,-0.0022850137,False,False,False,False,False,fatha
31,20,35,36,َ,َ,317.80699999999996,317.86699999999996,317.827,0.060000000000002274,0.020000000000038654,-0.00014947727,False,False,False,False,False,fatha
31,20,36,37, ,|,317.86699999999996,317.967,317.907,0.10000000000002274,0.040000000000020464,-0.22873467,False,False,False,False,False,fatha
31,20,37,38,ل,ل,317.967,318.027,317.98699999999997,0.060000000000002274,0.01999999999998181,-1.6212332e-05,False,False,False,False,False,fatha
31,20,38,39,َ,َ,318.027,318.227,318.04699999999997,0.19999999999998863,0.01999999999998181,-0.00014399446,False,False,False,False,False,damma
31,20,39,40,ك,ك,318.227,318.30699999999996,318.247,0.07999999999998408,0.020000000000038654,-5.3404336e-05,False,False,False,False,False,damma
31,20,40,41,ُ,ُ,318.30699999999996,318.42699999999996,318.327,0.12000000000000455,0.020000000000038654,-0.0017791648,False,False,False,False,False,none
31,20,41,42,م,م,318.42699999999996,318.92699999999996,318.447,0.5,0.020000000000038654,-0.010894934,False,False,False,False,False,none
31,20,42,43, ,|,318.92699999999996,319.067,318.967,0.1400000000000432,0.040000000000020464,-0.50928384,False,True,False,False,False,fatha
31,20,43,44,م,م,319.067,319.10699999999997,319.087,0.03999999999996362,0.01999999999998181,-1.9550132e-05,False,True,False,False,False,fatha
31,20,44,45,ّ,ّ,319.10699999999997,319.147,319.127,0.040000000000020464,0.020000000000038654,-8.035486,False,False,False,False,False,fatha
31,20,45,46,َ,َ,319.147,319.207,319.167,0.060000000000002274,0.01999999999998181,-0.005573685,False,False,False,False,False,none
31,20,46,47,ا,ا,319.207,319.36699999999996,319.227,0.15999999999996817,0.01999999999998181,-5.2093103e-05,False,False,False,False,False,kasra
31,20,47,48, ,|,319.36699999999996,319.48699999999997,319.407,0.12000000000000455,0.040000000000020464,-0.0012801539,False,False,False,False,False,kasra
31,20,48,49,ف,ف,319.48699999999997,319.527,319.507,0.040000000000020464,0.020000000000038654,-7.2593126,False,False,False,False,False,kasra
31,20,49,50,ِ,ِ,319.527,319.567,319.567,0.040000000000020464,0.040000000000020464,-0.051304087,False,False,False,False,False,none
31,20,50,51,ى,ى,319.567,319.627,319.587,0.060000000000002274,0.01999999999998181,-9.332126,False,False,False,False,False,none
31,20,51,52, ,|,319.627,319.667,319.647,0.03999999999996362,0.01999999999998181,-0.14929897,False,False,False,False,False,none
31,20,52,53,ٱ,ا,319.667,319.707,319.687,0.040000000000020464,0.020000000000038654,-0.007113014,False,False,False,False,False,none
31,20,53,54,ل,ل,319.707,319.887,319.747,0.18000000000000682,0.040000000000020464,-0.011598524,False,True,False,False,False,fatha
31,20,54,55,س,س,319.887,319.907,319.907,0.01999999999998181,0.01999999999998181,-5.113948e-05,False,True,False,False,False,fatha
31,20,55,56,ّ,ّ,319.907,319.967,319.967,0.060000000000002274,0.060000000000002274,-0.007458857,False,False,False,False,False,fatha
31,20,56,57,َ,َ,319.967,320.087,319.98699999999997,0.12000000000000455,0.01999999999998181,-0.0014935302,False,False,True,False,False,fatha
31,20,57,58,م,م,320.087,320.167,320.10699999999997,0.07999999999998408,0.01999999999998181,-1.3708975e-05,False,False,True,False,False,fatha
31,20,58,59,َ,َ,320.167,320.227,320.187,0.060000000000002274,0.020000000000038654,-0.27549684,False,False,True,False,False,none
31,20,59,61,ٰ,ا,320.227,320.507,320.247,0.28000000000002956,0.020000000000038654,-0.00021860594,False,False,True,False,False,fatha
31,20,60,62,و,و,320.507,320.567,320.527,0.060000000000002274,0.01999999999998181,-0.006153329,False,False,True,False,False,fatha
31,20,61,63,َ,َ,320.567,320.667,320.60699999999997,0.0999999999999659,0.03999999999996362,-0.06128432,False,False,True,False,False,kasra
31,20,62,64,ٰ,ا,320.667,320.92699999999996,320.687,0.2599999999999909,0.020000000000038654,-0.009089756,False,False,False,False,False,kasra
31,20,63,65,ت,ت,320.92699999999996,320.98699999999997,320.947,0.060000000000002274,0.020000000000038654,-1.5963626,False,False,False,False,False,kasra
31,20,64,66,ِ,ِ,320.98699999999997,321.067,321.007,0.08000000000004093,0.020000000000038654,-0.32917002,False,False,False,False,False,fatha
31,20,65,67, ,|,321.067,321.147,321.127,0.07999999999998408,0.060000000000002274,-0.05337124,False,False,False,False,False,fatha
31,20,66,68,و,و,321.147,321.227,321.167,0.07999999999998408,0.01999999999998181,-2.4199193e-05,False,False,False,False,False,fatha
31,20,67,69,َ,َ,321.227,321.347,321.247,0.12000000000000455,0.020000000000038654,-0.00012790339,False,False,False,False,False,fatha
31,20,68,70,م,م,321.347,321.42699999999996,321.36699999999996,0.07999999999998408,0.01999999999998181,-2.8729026e-05,False,False,False,False,False,fatha
31,20,69,71,َ,َ,321.42699999999996,321.48699999999997,321.447,0.060000000000002274,0.020000000000038654,-0.010390354,False,False,False,False,False,none
31,20,70,72,ا,ا,321.48699999999997,321.627,321.507,0.1400000000000432,0.020000000000038654,-0.00014065707,False,False,False,False,False,kasra
31,20,71,73, ,|,321.627,321.747,321.687,0.12000000000000455,0.060000000000002274,-0.05041102,False,False,False,False,False,kasra
31,20,72,74,ف,ف,321.747,321.80699999999996,321.767,0.05999999999994543,0.01999999999998181,-1.1444026e-05,False,False,False,False,False,kasra
31,20,73,75,ِ,ِ,321.80699999999996,321.86699999999996,321.847,0.060000000000002274,0.040000000000020464,-0.018272977,False,False,False,False,False,none
31,20,74,76,ى,ى,321.86699999999996,321.92699999999996,321.887,0.060000000000002274,0.020000000000038654,-16.064766,False,False,False,False,False,none
31,20,75,77, ,|,321.92699999999996,321.98699999999997,321.98699999999997,0.060000000000002274,0.060000000000002274,-0.14928606,False,False,False,False,False,sukun
31,20,76,78,ٱ,ا,321.98699999999997,322.087,322.027,0.10000000000002274,0.040000000000020464,-0.3617879,False,False,False,False,True,sukun
31,20,77,79,ل,ل,322.087,322.167,322.127,0.07999999999998408,0.040000000000020464,-0.035809193,False,False,False,False,True,sukun
31,20,78,80,ْ,ْ,322.167,322.207,322.187,0.040000000000020464,0.020000000000038654,-5.6130385,False,False,False,False,False,fatha
31,20,79,81,أ,أ,322.207,322.247,322.227,0.040000000000020464,0.01999999999998181,-3.0278701e-05,False,False,False,False,False,fatha
31,20,80,82,َ,َ,322.247,322.387,322.287,0.13999999999998636,0.03999999999996362,-0.15260258,False,False,False,False,True,sukun
31,20,81,83,ر,ر,322.387,322.447,322.407,0.060000000000002274,0.01999999999998181,-0.0002217047,False,False,False,False,True,sukun
31,20,82,84,ْ,ْ,322.447,322.587,322.48699999999997,0.13999999999998636,0.03999999999996362,-0.36628282,False,False,False,False,False,kasra
31,20,83,85,ض,ض,322.587,322.667,322.60699999999997,0.07999999999998408,0.01999999999998181,-9.45285e-05,True,False,False,False,False,kasra
31,20,84,86,ِ,ِ,322.667,322.747,322.707,0.08000000000004093,0.040000000000020464,-0.03482002,False,False,False,False,False,fatha
31,20,85,87, ,|,322.747,322.847,322.80699999999996,0.0999999999999659,0.05999999999994543,-0.055497512,False,False,False,False,False,fatha
31,20,86,88,و,و,322.847,322.907,322.86699999999996,0.060000000000002274,0.01999999999998181,-2.3007127e-05,False,False,False,False,False,fatha
31,20,87,89,َ,َ,322.907,323.04699999999997,322.92699999999996,0.13999999999998636,0.01999999999998181,-0.0006746162,False,False,False,False,False,fatha
31,20,88,90,أ,أ,323.04699999999997,323.10699999999997,323.067,0.060000000000002274,0.020000000000038654,-1.3470559e-05,False,False,False,False,False,fatha
31,20,89,91,َ,َ,323.10699999999997,323.267,323.127,0.160000000000025,0.020000000000038654,-0.00034528968,False,False,False,False,True,sukun
31,20,90,92,س,س,323.267,323.327,323.287,0.060000000000002274,0.01999999999998181,-6.2344516e-05,False,False,False,False,True,sukun
31,20,91,93,ْ,ْ,323.327,323.447,323.36699999999996,0.12000000000000455,0.03999999999996362,-0.007815132,False,False,False,False,False,fatha
31,20,92,94,ب,ب,323.447,323.527,323.48699999999997,0.07999999999998408,0.03999999999996362,-0.1923342,False,False,False,False,False,fatha
31,20,93,95,َ,َ,323.527,323.667,323.54699999999997,0.13999999999998636,0.01999999999998181,-0.0001710507,False,False,False,False,False,fatha
31,20,94,96,غ,غ,323.667,323.747,323.687,0.08000000000004093,0.020000000000038654,-0.037937094,False,False,False,False,False,fatha
31,20,95,97,َ,َ,323.747,323.887,323.787,0.13999999999998636,0.03999999999996362,-0.04384246,False,False,False,False,False,fatha
31,20,96,98, ,|,323.887,323.947,323.92699999999996,0.060000000000002274,0.03999999999996362,-0.033243522,False,False,False,False,False,fatha
31,20,97,99,ع,ع,323.947,324.007,323.98699999999997,0.060000000000002274,0.03999999999996362,-0.011629396,False,False,False,False,False,fatha
31,20,98,100,َ,َ,324.007,324.10699999999997,324.04699999999997,0.0999999999999659,0.03999999999996362,-0.13703345,False,False,False,False,False,fatha
31,20,99,101,ل,ل,324.10699999999997,324.167,324.127,0.060000000000002274,0.020000000000038654,-1.4305013e-05,False,False,False,False,False,fatha
31,20,100,102,َ,َ,324.167,324.267,324.187,0.10000000000002274,0.020000000000038654,-0.0004262016,False,False,False,False,True,sukun
31,20,101,103,ي,ي,324.267,324.347,324.30699999999996,0.07999999999998408,0.03999999999996362,-2.5570049e-05,False,False,False,False,True,sukun
31,20,102,104,ْ,ْ,324.347,324.527,324.387,0.18000000000000682,0.040000000000020464,-0.034948237,False,False,False,False,False,damma
31,20,103,105,ك,ك,324.527,324.587,324.54699999999997,0.060000000000002274,0.01999999999998181,-1.2516897e-05,False,False,False,False,False,damma
31,20,104,106,ُ,ُ,324.587,324.707,324.60699999999997,0.12000000000000455,0.01999999999998181,-0.00012373159,False,False,False,False,True,sukun
31,20,105,107,م,م,324.707,324.787,324.727,0.07999999999998408,0.01999999999998181,-6.997341e-05,False,False,False,False,True,sukun
31,20,106,108,ْ,ْ,324.787,324.827,324.827,0.040000000000020464,0.040000000000020464,-0.09597963,False,False,False,False,False,kasra
31,20,107,109, ,|,324.827,324.947,324.887,0.12000000000000455,0.060000000000002274,-0.058222264,False,False,False,False,False,kasra
31,20,108,110,ن,ن,324.947,325.027,324.967,0.07999999999998408,0.01999999999998181,-0.00025614796,False,False,False,False,False,kasra
31,20,109,111,ِ,ِ,325.027,325.187,325.067,0.160000000000025,0.040000000000020464,-0.002064093,False,False,False,False,False,fatha
31,20,110,112,ع,ع,325.187,325.247,325.207,0.060000000000002274,0.01999999999998181,-0.048983786,False,False,False,False,False,fatha
31,20,111,113,َ,َ,325.247,325.42699999999996,325.287,0.17999999999994998,0.03999999999996362,-0.20321,False,False,False,False,False,fatha
31,20,112,114,م,م,325.42699999999996,325.507,325.447,0.08000000000004093,0.020000000000038654,-4.4344873e-05,False,False,False,False,False,fatha
31,20,113,115,َ,َ,325.507,325.647,325.527,0.13999999999998636,0.01999999999998181,-0.0015595905,False,False,False,False,False,damma
31,20,114,116,ه,ه,325.647,325.727,325.667,0.07999999999998408,0.01999999999998181,-0.028953632,False,False,False,False,False,damma
31,20,115,117,ُ,ُ,325.727,325.947,325.747,0.22000000000002728,0.020000000000038654,-0.018178994,False,False,False,False,False,none
31,20,116,119, ,|,325.947,326.067,325.98699999999997,0.12000000000000455,0.03999999999996362,-0.009739883,False,False,True,False,False,fatha
31,20,117,120,ظ,ظ,326.067,326.167,326.087,0.0999999999999659,0.01999999999998181,-0.38641316,True,False,True,False,False,fatha
31,20,118,121,َ,َ,326.167,326.227,326.187,0.060000000000002274,0.020000000000038654,-0.019483497,False,False,True,False,False,none
31,20,119,123,ٰ,ا,326.227,326.42699999999996,326.247,0.19999999999998863,0.020000000000038654,-3.6715788e-05,False,False,False,False,False,kasra
31,20,120,124,ه,ه,326.42699999999996,326.507,326.447,0.08000000000004093,0.020000000000038654,-4.875541e-05,False,False,False,False,False,kasra
31,20,121,125,ِ,ِ,326.507,326.707,326.54699999999997,0.19999999999998863,0.03999999999996362,-0.012138156,False,False,False,False,False,fatha
31,20,122,126,ر,ر,326.707,326.767,326.727,0.060000000000002274,0.01999999999998181,-7.057296,False,False,False,False,False,fatha
31,20,123,127,َ,َ,326.767,326.947,326.80699999999996,0.18000000000000682,0.03999999999996362,-0.33349848,False,False,False,False,False,tanween
31,20,124,128,ة,ة,326.947,327.027,326.98699999999997,0.07999999999998408,0.03999999999996362,-0.12616768,False,False,False,False,False,tanween
31,20,125,129,ً,ً,327.027,327.707,327.067,0.6800000000000068,0.040000000000020464,-0.07241087,False,False,False,False,False,none
31,20,126,131, ,|,327.707,327.827,327.767,0.12000000000000455,0.060000000000002274,-0.3422478,False,False,False,False,False,fatha
31,20,127,132,و,و,327.827,327.887,327.847,0.060000000000002274,0.01999999999998181,-0.004122213,False,False,False,False,False,fatha
31,20,128,133,َ,َ,327.887,328.067,327.92699999999996,0.18000000000000682,0.03999999999996362,-0.0028102454,False,False,False,False,False,fatha
31,20,129,134,ب,ب,328.067,328.147,328.087,0.07999999999998408,0.01999999999998181,-0.006322264,False,False,False,False,False,fatha
31,20,130,135,َ,َ,328.147,328.227,328.167,0.07999999999998408,0.01999999999998181,-0.004298614,False,False,False,False,False,kasra
31,20,131,136,ا,ا,328.227,328.527,328.247,0.30000000000001137,0.020000000000038654,-0.043576643,False,False,False,False,False,kasra
31,20,132,137,ط,ط,328.527,328.587,328.54699999999997,0.060000000000002274,0.01999999999998181,-1.0431337,True,False,False,False,False,kasra
31,20,133,138,ِ,ِ,328.587,328.727,328.60699999999997,0.13999999999998636,0.01999999999998181,-0.0028314998,False,False,False,False,False,fatha
31,20,134,139,ن,ن,328.727,328.767,328.747,0.040000000000020464,0.020000000000038654,-1.4161416,False,False,False,False,False,fatha
31,20,135,140,َ,َ,328.767,328.86699999999996,328.807,0.0999999999999659,0.040000000000020464,-0.28419766,False,False,False,False,False,tanween
31,20,136,141,ة,ة,328.86699999999996,328.907,328.887,0.040000000000020464,0.020000000000038654,-3.7639456,False,False,False,False,False,tanween
31,20,137,142,ً,ً,328.907,330.36699999999996,328.92699999999996,1.4599999999999795,0.01999999999998181,-7.4896293,False,False,False,False,False,none
31,20,138,144, ,|,330.36699999999996,330.447,330.387,0.08000000000004093,0.020000000000038654,-0.46821025,False,False,False,False,False,none
31,20,139,147,و,و,330.447,330.507,330.467,0.060000000000002274,0.01999999999998181,-8.117823e-05,False,False,False,False,False,fatha
31,20,140,148,َ,َ,330.507,330.667,330.54699999999997,0.15999999999996817,0.03999999999996362,-0.0013310548,False,False,False,False,False,kasra
31,20,141,149,م,م,330.667,330.727,330.687,0.060000000000002274,0.020000000000038654,-0.0020274813,False,False,False,False,False,kasra
31,20,142,150,ِ,ِ,330.727,330.827,330.747,0.10000000000002274,0.020000000000038654,-0.00030822773,False,False,False,False,False,fatha
31,20,143,151,ن,ن,330.827,330.887,330.847,0.060000000000002274,0.01999999999998181,-4.7920985e-05,False,False,False,False,False,fatha
31,20,144,152,َ,َ,330.887,330.947,330.907,0.060000000000002274,0.01999999999998181,-0.005856853,False,False,False,False,False,none
31,20,145,153, ,|,330.947,331.007,330.98699999999997,0.060000000000002274,0.03999999999996362,-0.072900884,False,False,False,False,False,none
31,20,146,154,ٱ,ا,331.007,331.067,331.027,0.060000000000002274,0.01999999999998181,-0.5805709,False,False,False,False,False,none
31,20,147,155,ل,ل,331.067,331.647,331.10699999999997,0.5799999999999841,0.03999999999996362,-0.045146354,False,True,False,False,False,fatha
31,20,148,156,ن,ن,331.647,331.687,331.667,0.040000000000020464,0.01999999999998181,-3.8623064e-05,False,True,False,False,False,fatha
31,20,149,157,ّ,ّ,331.687,331.727,331.727,0.03999999999996362,0.03999999999996362,-0.0072131758,False,False,False,False,False,fatha
31,20,150,158,َ,َ,331.727,331.807,331.767,0.08000000000004093,0.040000000000020464,-0.0046449285,False,False,False,False,False,kasra
31,20,151,159,ا,ا,331.807,332.067,331.827,0.2599999999999909,0.01999999999998181,-2.6940936e-05,False,False,False,False,False,kasra
31,20,152,160,س,س,332.067,332.127,332.087,0.060000000000002274,0.01999999999998181,-5.149709e-05,False,False,False,False,False,kasra
31,20,153,161,ِ,ِ,332.127,332.207,332.167,0.07999999999998408,0.03999999999996362,-0.25286764,False,False,False,False,False,fatha
31,20,154,162, ,|,332.207,332.307,332.24699999999996,0.10000000000002274,0.03999999999996362,-0.01390684,False,False,False,False,False,fatha
31,20,155,163,م,م,332.307,332.387,332.327,0.07999999999998408,0.01999999999998181,-0.0001654488,False,False,False,False,False,fatha
31,20,156,164,َ,َ,332.387,332.54699999999997,332.407,0.15999999999996817,0.01999999999998181,-0.00057585345,False,False,False,False,False,none
31,20,157,165,ن,ن,332.54699999999997,333.127,332.567,0.5800000000000409,0.020000000000038654,-0.12718211,False,False,False,False,False,damma
31,20,158,166, ,|,333.127,333.187,333.147,0.060000000000002274,0.01999999999998181,-0.93586755,False,False,False,False,False,damma
31,20,159,167,ي,ي,333.187,333.267,333.207,0.07999999999998408,0.01999999999998181,-0.0001106201,False,False,False,False,False,damma
31,20,160,168,ُ,ُ,333.267,333.407,333.287,0.13999999999998636,0.01999999999998181,-0.0009203489,False,False,True,False,False,fatha
31,20,161,169,ج,ج,333.407,333.48699999999997,333.42699999999996,0.07999999999998408,0.01999999999998181,-0.0001294529,False,False,True,False,False,fatha
31,20,162,170,َ,َ,333.48699999999997,333.54699999999997,333.507,0.060000000000002274,0.020000000000038654,-0.0039392505,False,False,True,False,False,none
31,20,163,172,ٰ,ا,333.54699999999997,333.807,333.587,0.26000000000004775,0.040000000000020464,-0.15159407,False,False,False,False,False,kasra
31,20,164,173,د,د,333.807,333.86699999999996,333.827,0.05999999999994543,0.01999999999998181,-0.061267976,False,False,False,False,False,kasra
31,20,165,174,ِ,ِ,333.86699999999996,333.98699999999997,333.907,0.12000000000000455,0.040000000000020464,-0.03026559,False,False,False,False,False,damma
31,20,166,175,ل,ل,333.98699999999997,334.027,334.007,0.040000000000020464,0.020000000000038654,-0.26525894,False,False,False,False,False,damma
31,20,167,176,ُ,ُ,334.027,334.127,334.04699999999997,0.10000000000002274,0.01999999999998181,-0.0016408802,False,False,False,False,False,kasra
31,20,168,177, ,|,334.127,334.207,334.167,0.07999999999998408,0.03999999999996362,-0.0011130023,False,False,False,False,False,kasra
31,20,169,178,ف,ف,334.207,334.267,334.227,0.060000000000002274,0.01999999999998181,-2.5748875e-05,False,False,False,False,False,kasra
31,20,170,179,ِ,ِ,334.267,334.307,334.287,0.040000000000020464,0.01999999999998181,-0.003967273,False,False,False,False,False,none
31,20,171,180,ى,ى,334.307,334.347,334.327,0.03999999999996362,0.01999999999998181,-13.35746,False,False,False,False,False,none
31,20,172,181, ,|,334.347,334.407,334.407,0.060000000000002274,0.060000000000002274,-0.00039794444,False,False,False,False,False,none
31,20,173,182,ٱ,ا,334.407,334.447,334.447,0.040000000000020464,0.040000000000020464,-0.017774556,False,False,False,False,False,none
31,20,174,183,ل,ل,334.447,334.627,334.48699999999997,0.18000000000000682,0.03999999999996362,-0.002495749,False,True,False,False,False,fatha
31,20,175,184,ل,ل,334.627,334.667,334.667,0.03999999999996362,0.03999999999996362,-0.32756126,False,True,False,False,False,fatha
31,20,176,185,ّ,ّ,334.667,334.707,334.707,0.040000000000020464,0.040000000000020464,-0.005105969,False,False,False,False,False,fatha
31,20,177,186,َ,َ,334.707,335.007,334.74699999999996,0.30000000000001137,0.03999999999996362,-0.16905949,False,False,False,False,False,kasra
31,20,178,187,ه,ه,335.007,335.087,335.027,0.07999999999998408,0.01999999999998181,-0.0018173622,False,False,False,False,False,kasra
31,20,179,188,ِ,ِ,335.087,335.147,335.10699999999997,0.060000000000002274,0.01999999999998181,-0.0023828943,False,False,False,False,False,kasra
31,20,180,189, ,|,335.147,335.267,335.187,0.12000000000000455,0.040000000000020464,-0.03950207,False,False,False,False,False,kasra
31,20,181,190,ب,ب,335.267,335.307,335.287,0.040000000000020464,0.01999999999998181,-2.6039462,False,False,False,False,False,kasra
31,20,182,191,ِ,ِ,335.307,335.507,335.327,0.19999999999998863,0.01999999999998181,-0.002363747,False,False,False,False,False,fatha
31,20,183,192,غ,غ,335.507,335.587,335.527,0.07999999999998408,0.01999999999998181,-0.5954283,False,False,False,False,False,fatha
31,20,184,193,َ,َ,335.587,335.707,335.60699999999997,0.12000000000000455,0.01999999999998181,-0.00021991695,False,False,False,False,True,sukun
31,20,185,194,ي,ي,335.707,335.787,335.727,0.07999999999998408,0.01999999999998181,-0.00014077626,False,False,False,False,True,sukun
31,20,186,195,ْ,ْ,335.787,335.887,335.807,0.10000000000002274,0.020000000000038654,-0.4119924,False,False,False,False,False,kasra
31,20,187,196,ر,ر,335.887,335.947,335.907,0.060000000000002274,0.01999999999998181,-0.056952074,False,False,False,False,False,kasra
31,20,188,197,ِ,ِ,335.947,335.98699999999997,335.967,0.03999999999996362,0.01999999999998181,-0.0007171443,False,False,False,False,False,kasra
31,20,189,198, ,|,335.98699999999997,336.10699999999997,336.04699999999997,0.12000000000000455,0.060000000000002274,-0.08211433,False,False,False,False,False,kasra
31,20,190,199,ع,ع,336.10699999999997,336.147,336.127,0.040000000000020464,0.020000000000038654,-0.23882407,False,False,False,False,False,kasra
31,20,191,200,ِ,ِ,336.147,336.287,336.167,0.13999999999998636,0.01999999999998181,-0.59810007,False,False,False,False,True,sukun
31,20,192,201,ل,ل,336.287,336.347,336.307,0.060000000000002274,0.020000000000038654,-0.0053583807,False,False,False,False,True,sukun
31,20,193,202,ْ,ْ,336.347,336.48699999999997,336.387,0.13999999999998636,0.040000000000020464,-0.5294217,False,False,False,False,False,tanween
31,20,194,203,م,م,336.48699999999997,336.567,336.507,0.08000000000004093,0.020000000000038654,-0.001695506,False,False,False,False,False,tanween
31,20,195,204,ٍ,ٍ,336.567,337.24699999999996,336.587,0.67999999999995,0.01999999999998181,-0.0012588918,False,False,False,False,False,none
31,20,196,206, ,|,337.24699999999996,337.36699999999996,337.287,0.12000000000000455,0.040000000000020464,-0.11638154,False,False,False,False,False,fatha
31,20,197,207,و,و,337.36699999999996,337.42699999999996,337.387,0.060000000000002274,0.020000000000038654,-0.0047145635,False,False,False,False,False,fatha
31,20,198,208,َ,َ,337.42699999999996,337.587,337.447,0.160000000000025,0.020000000000038654,-0.0008313775,False,False,False,False,False,fatha
31,20,199,209,ل,ل,337.587,337.647,337.60699999999997,0.060000000000002274,0.01999999999998181,-1.1563234e-05,False,False,False,False,False,fatha
31,20,200,210,َ,َ,337.647,337.707,337.667,0.060000000000002274,0.01999999999998181,-0.16493404,False,False,False,False,False,none
31,20,201,211,ا,ا,337.707,337.847,337.727,0.13999999999998636,0.01999999999998181,-0.0014117523,False,False,False,False,False,damma
31,20,202,212, ,|,337.847,337.947,337.86699999999996,0.10000000000002274,0.01999999999998181,-0.048660684,False,False,False,False,False,damma
31,20,203,213,ه,ه,337.947,338.04699999999997,337.967,0.0999999999999659,0.01999999999998181,-0.0010446812,False,False,False,False,False,damma
31,20,204,214,ُ,ُ,338.04699999999997,338.187,338.067,0.1400000000000432,0.020000000000038654,-0.0001957225,False,False,False,False,False,tanween
31,20,205,215,د,د,338.187,338.267,338.207,0.07999999999998408,0.01999999999998181,-0.00023016665,False,False,False,False,False,tanween
31,20,206,216,ً,ً,338.267,338.327,338.287,0.060000000000002274,0.01999999999998181,-5.2229476,False,False,False,False,False,none
31,20,207,218,ى,ى,338.327,338.907,338.347,0.5799999999999841,0.01999999999998181,-0.46232182,False,False,False,False,False,fatha
31,20,208,219, ,|,338.907,339.027,338.947,0.12000000000000455,0.040000000000020464,-0.01999591,False,False,False,False,False,fatha
31,20,209,220,و,و,339.027,339.087,339.04699999999997,0.060000000000002274,0.01999999999998181,-0.0023744504,False,False,False,False,False,fatha
31,20,210,221,َ,َ,339.087,339.227,339.10699999999997,0.13999999999998636,0.01999999999998181,-0.0009604847,False,False,False,False,False,fatha
31,20,211,222,ل,ل,339.227,339.287,339.24699999999996,0.060000000000002274,0.01999999999998181,-7.510157e-06,False,False,False,False,False,fatha
31,20,212,223,َ,َ,339.287,339.36699999999996,339.327,0.07999999999998408,0.040000000000020464,-0.26290268,False,False,False,False,False,none
31,20,213,224,ا,ا,339.36699999999996,339.48699999999997,339.387,0.12000000000000455,0.020000000000038654,-0.0001904783,False,False,False,False,False,kasra
31,20,214,225, ,|,339.48699999999997,339.667,339.527,0.18000000000000682,0.040000000000020464,-0.0063582016,False,False,False,False,False,kasra
31,20,215,226,ك,ك,339.667,339.707,339.687,0.040000000000020464,0.020000000000038654,-7.033101e-05,False,False,False,False,False,kasra
31,20,216,227,ِ,ِ,339.707,339.86699999999996,339.727,0.15999999999996817,0.01999999999998181,-9.42901e-05,False,False,True,False,False,fatha
31,20,217,228,ت,ت,339.86699999999996,339.947,339.887,0.08000000000004093,0.020000000000038654,-0.004619403,False,False,True,False,False,fatha
31,20,218,229,َ,َ,339.947,340.007,339.967,0.060000000000002274,0.01999999999998181,-0.004086122,False,False,True,False,False,none
31,20,219,231,ٰ,ا,340.007,340.24699999999996,340.027,0.23999999999995225,0.01999999999998181,-0.00039200252,False,False,False,False,False,tanween
31,20,220,232,ب,ب,340.24699999999996,340.327,340.267,0.08000000000004093,0.020000000000038654,-2.0916944,False,False,False,False,False,tanween
31,20,221,233,ٍ,ٍ,340.327,342.36699999999996,340.36699999999996,2.0399999999999636,0.03999999999996362,-0.012934176,False,False,False,False,False,none
31,20,222,235, ,|,343.907,345.087,343.947,1.1800000000000068,0.040000000000020464,-0.0019994534,False,True,False,False,False,damma
31,20,223,236,م,م,345.087,345.48699999999997,345.10699999999997,0.39999999999997726,0.01999999999998181,-5.5430784e-05,False,True,False,False,False,damma
31,20,224,237,ّ,ّ,345.48699999999997,345.567,345.54699999999997,0.08000000000004093,0.060000000000002274,-0.027600555,False,False,False,False,False,damma
31,20,225,238,ُ,ُ,345.567,345.687,345.587,0.12000000000000455,0.01999999999998181,-11.636123,False,False,False,False,False,kasra
31,20,226,239,ن,ن,345.687,345.74699999999996,345.707,0.05999999999994543,0.01999999999998181,-4.2430363,False,False,False,False,False,kasra
31,20,227,240,ِ,ِ,345.74699999999996,345.847,345.767,0.10000000000002274,0.020000000000038654,-6.1152496e-05,False,False,False,False,False,tanween
31,20,228,241,ي,ي,345.847,345.907,345.86699999999996,0.060000000000002274,0.01999999999998181,-11.748118,False,False,False,False,False,tanween
31,20,229,242,ر,ر,345.907,345.967,345.92699999999996,0.060000000000002274,0.01999999999998181,-13.632491,False,False,False,False,False,tanween
31,20,230,243,ٍ,ٍ,345.967,345.9998125,345.98699999999997,0.032812500000034106,0.01999999999998181,-16.621132,False,False,False,False,False,none
31,21,0,0,و,و,345.7998125,345.81981249999995,345.81981249999995,0.01999999999998181,0.01999999999998181,-11.260762,False,False,False,False,False,fatha
31,21,1,1,َ,َ,345.81981249999995,345.8398125,345.8398125,0.020000000000038654,0.020000000000038654,-12.946224,False,False,False,False,False,kasra
31,21,2,2,إ,إ,345.8398125,345.8598125,345.8598125,0.01999999999998181,0.01999999999998181,-15.516915,False,False,False,False,False,kasra
31,21,3,3,ِ,ِ,345.8598125,345.87981249999996,345.87981249999996,0.01999999999998181,0.01999999999998181,-12.736478,False,False,False,False,False,fatha
31,21,4,4,ذ,ذ,345.87981249999996,345.9198125,345.8998125,0.040000000000020464,0.020000000000038654,-13.235101,False,False,False,False,False,fatha
31,21,5,5,َ,َ,345.9198125,345.93981249999996,345.93981249999996,0.01999999999998181,0.01999999999998181,-7.204427,False,False,False,False,False,none
31,21,6,6,ا,ا,345.93981249999996,345.9598125,345.9598125,0.020000000000038654,0.020000000000038654,-7.163855,False,False,False,False,False,kasra
31,21,7,7, ,|,345.9598125,345.9798125,345.9798125,0.01999999999998181,0.01999999999998181,-8.476026,False,False,False,False,False,kasra
31,21,8,8,ق,ق,345.9798125,345.99981249999996,345.99981249999996,0.01999999999998181,0.01999999999998181,-13.407918,True,False,False,False,False,kasra
31,21,9,9,ِ,ِ,345.99981249999996,346.0198125,346.0198125,0.020000000000038654,0.020000000000038654,-14.025432,False,False,False,False,False,fatha
31,21,10,10,ي,ي,346.0198125,346.0398125,346.0398125,0.01999999999998181,0.01999999999998181,-10.126367,False,False,False,False,False,fatha
31,21,11,11,ل,ل,346.0398125,346.05981249999996,346.05981249999996,0.01999999999998181,0.01999999999998181,-12.917111,False,False,False,False,False,fatha
31,21,12,12,َ,َ,346.05981249999996,346.17981249999997,346.07981249999995,0.12000000000000455,0.01999999999998181,-14.516111,False,False,False,False,False,fatha
31,21,13,13, ,|,346.17981249999997,346.19981249999995,346.19981249999995,0.01999999999998181,0.01999999999998181,-0.16390479,False,False,False,False,False,fatha
31,21,14,14,ل,ل,346.19981249999995,346.2198125,346.2198125,0.020000000000038654,0.020000000000038654,-11.580897,False,False,False,False,False,fatha
31,21,15,15,َ,َ,346.2198125,346.23981249999997,346.23981249999997,0.01999999999998181,0.01999999999998181,-13.019408,False,False,False,False,False,damma
31,21,16,16,ه,ه,346.23981249999997,346.25981249999995,346.25981249999995,0.01999999999998181,0.01999999999998181,-15.910315,False,False,False,False,False,damma
31,21,17,17,ُ,ُ,346.25981249999995,346.2998125,346.2798125,0.040000000000020464,0.020000000000038654,-16.148443,False,False,False,False,False,damma
31,21,18,18,م,م,346.2998125,346.37981249999996,346.31981249999995,0.07999999999998408,0.01999999999998181,-0.0045446446,False,False,False,False,False,damma
31,21,19,19,ُ,ُ,346.37981249999996,346.3998125,346.3998125,0.020000000000038654,0.020000000000038654,-11.420166,False,False,False,False,False,none
31,21,20,20, ,|,346.3998125,346.4598125,346.4198125,0.060000000000002274,0.01999999999998181,-12.697142,False,False,False,False,False,none
31,21,21,21,ٱ,ا,346.4598125,347.1598125,346.4798125,0.6999999999999886,0.01999999999998181,-0.0007171443,False,True,False,False,False,fatha
31,21,22,22,ت,ت,347.1598125,347.17981249999997,347.17981249999997,0.01999999999998181,0.01999999999998181,-16.27345,False,True,False,False,False,fatha
31,21,23,23,ّ,ّ,347.17981249999997,347.19981249999995,347.19981249999995,0.01999999999998181,0.01999999999998181,-16.300795,False,False,False,False,False,fatha
31,21,24,24,َ,َ,347.19981249999995,347.2198125,347.2198125,0.020000000000038654,0.020000000000038654,-16.183603,False,False,False,False,False,kasra
31,21,25,25,ب,ب,347.2198125,347.25981249999995,347.23981249999997,0.03999999999996362,0.01999999999998181,-17.427744,False,False,False,False,False,kasra
31,21,26,26,ِ,ِ,347.25981249999995,347.2798125,347.2798125,0.020000000000038654,0.020000000000038654,-17.269537,False,False,False,False,False,damma
31,21,27,27,ع,ع,347.2798125,347.2998125,347.2998125,0.01999999999998181,0.01999999999998181,-17.109402,False,False,False,False,False,damma
31,21,28,28,ُ,ُ,347.2998125,347.31981249999995,347.31981249999995,0.01999999999998181,0.01999999999998181,-19.109392,False,False,False,False,False,none
31,21,29,29,و,و,347.31981249999995,347.3398125,347.3398125,0.020000000000038654,0.020000000000038654,-18.792976,False,False,False,False,False,none
31,21,30,30,ا,ا,347.3398125,347.4198125,347.3598125,0.07999999999998408,0.01999999999998181,-12.24903,False,False,False,False,False,none
31,21,31,32, ,|,347.4198125,347.43981249999996,347.43981249999996,0.01999999999998181,0.01999999999998181,-16.119143,False,False,False,True,False,fatha
31,21,32,33,م,م,347.43981249999996,347.4598125,347.4598125,0.020000000000038654,0.020000000000038654,-15.625981,False,False,False,True,False,fatha
31,21,33,34,َ,َ,347.4598125,347.4798125,347.4798125,0.01999999999998181,0.01999999999998181,-16.539068,False,False,False,True,False,none
31,21,34,35,ا,ا,347.4798125,347.5198125,347.49981249999996,0.040000000000020464,0.01999999999998181,-12.412115,False,False,False,True,False,none
31,21,35,36,ٓ,ا,347.5198125,347.57981249999995,347.5398125,0.05999999999994543,0.01999999999998181,-13.568118,False,False,False,False,False,fatha
31,21,36,37, ,|,347.57981249999995,347.6598125,347.61981249999997,0.08000000000004093,0.040000000000020464,-0.06216179,False,False,False,False,False,fatha
31,21,37,38,أ,أ,347.6598125,347.7198125,347.67981249999997,0.060000000000002274,0.01999999999998181,-0.00079421443,False,False,False,False,False,fatha
31,21,38,39,َ,َ,347.7198125,348.11981249999997,347.75981249999995,0.39999999999997726,0.03999999999996362,-0.0065726717,False,False,False,False,False,fatha
31,21,39,40,ن,ن,348.11981249999997,348.4598125,348.13981249999995,0.34000000000003183,0.01999999999998181,-1.0794379,False,False,False,False,False,fatha
31,21,40,41,ز,ز,348.4598125,348.5398125,348.4798125,0.07999999999998408,0.01999999999998181,-0.00050794095,False,False,False,False,False,fatha
31,21,41,42,َ,َ,348.5398125,348.6598125,348.55981249999996,0.12000000000000455,0.01999999999998181,-0.0037018599,False,False,False,False,False,fatha
31,21,42,43,ل,ل,348.6598125,348.7198125,348.69981249999995,0.060000000000002274,0.03999999999996362,-0.05775874,False,False,False,False,False,fatha
31,21,43,44,َ,َ,348.7198125,348.8998125,348.73981249999997,0.18000000000000682,0.01999999999998181,-0.011292944,False,False,False,False,False,none
31,21,44,45, ,|,348.8998125,348.93981249999996,348.9198125,0.03999999999996362,0.01999999999998181,-0.9957989,False,False,False,False,False,none
31,21,45,46,ٱ,ا,348.93981249999996,348.9798125,348.9598125,0.040000000000020464,0.020000000000038654,-0.6383201,False,False,False,False,False,none
31,21,46,47,ل,ل,348.9798125,349.11981249999997,348.99981249999996,0.13999999999998636,0.01999999999998181,-0.34254602,False,True,False,False,False,fatha
31,21,47,48,ل,ل,349.11981249999997,349.1598125,349.13981249999995,0.040000000000020464,0.01999999999998181,-0.006226901,False,True,False,False,False,fatha
31,21,48,49,ّ,ّ,349.1598125,349.19981249999995,349.19981249999995,0.03999999999996362,0.03999999999996362,-0.14243573,False,False,False,False,False,fatha
31,21,49,50,َ,َ,349.19981249999995,349.4798125,349.23981249999997,0.28000000000002956,0.040000000000020464,-0.16253695,False,False,False,False,False,damma
31,21,50,51,ه,ه,349.4798125,349.5398125,349.49981249999996,0.060000000000002274,0.01999999999998181,-0.0012419852,False,False,False,False,False,damma
31,21,51,52,ُ,ُ,349.5398125,349.63981249999995,349.57981249999995,0.0999999999999659,0.03999999999996362,-0.11794604,False,False,False,False,False,fatha
31,21,52,53, ,|,349.63981249999995,349.7998125,349.67981249999997,0.160000000000025,0.040000000000020464,-0.0039060912,False,False,False,False,False,fatha
31,21,53,54,ق,ق,349.7998125,349.8598125,349.81981249999995,0.060000000000002274,0.01999999999998181,-0.00055893534,True,False,False,False,False,fatha
31,21,54,55,َ,َ,349.8598125,349.93981249999996,349.87981249999996,0.07999999999998408,0.01999999999998181,-4.1564403,False,False,False,False,False,damma
31,21,55,56,ا,ا,349.93981249999996,350.17981249999997,349.9598125,0.2400000000000091,0.020000000000038654,-0.00019798703,False,False,False,False,False,damma
31,21,56,57,ل,ل,350.17981249999997,350.23981249999997,350.19981249999995,0.060000000000002274,0.01999999999998181,-4.2199197e-05,False,False,False,False,False,damma
31,21,57,58,ُ,ُ,350.23981249999997,350.2998125,350.25981249999995,0.060000000000002274,0.01999999999998181,-1.033669,False,False,False,False,False,none
31,21,58,59,و,و,350.2998125,350.3398125,350.3398125,0.040000000000020464,0.040000000000020464,-0.14391011,False,False,False,False,False,none
31,21,59,60,ا,ا,350.3398125,350.5198125,350.3598125,0.18000000000000682,0.01999999999998181,-1.4417752,False,False,False,False,False,none
31,21,60,62, ,|,350.5198125,350.61981249999997,350.57981249999995,0.0999999999999659,0.05999999999994543,-0.009852957,False,False,False,False,False,fatha
31,21,61,63,ب,ب,350.61981249999997,350.69981249999995,350.63981249999995,0.07999999999998408,0.01999999999998181,-2.9801879e-05,False,False,False,False,False,fatha
31,21,62,64,َ,َ,350.69981249999995,350.7998125,350.7198125,0.10000000000002274,0.020000000000038654,-0.00025722056,False,False,False,False,True,sukun
31,21,63,65,ل,ل,350.7998125,350.8998125,350.8398125,0.10000000000002274,0.040000000000020464,-0.33316913,False,False,False,False,True,sukun
31,21,64,66,ْ,ْ,350.8998125,350.93981249999996,350.9198125,0.03999999999996362,0.01999999999998181,-8.661195,False,False,False,False,False,fatha
31,21,65,67, ,|,350.93981249999996,351.0198125,350.9798125,0.08000000000004093,0.040000000000020464,-0.40346992,False,False,False,False,False,fatha
31,21,66,68,ن,ن,351.0198125,351.07981249999995,351.0398125,0.05999999999994543,0.01999999999998181,-0.0009409529,False,False,False,False,False,fatha
31,21,67,69,َ,َ,351.07981249999995,351.43981249999996,351.0998125,0.36000000000001364,0.020000000000038654,-0.007458815,False,True,False,False,False,fatha
31,21,68,70,ت,ت,351.43981249999996,351.4798125,351.4598125,0.040000000000020464,0.020000000000038654,-6.603976e-05,False,True,False,False,False,fatha
31,21,69,71,ّ,ّ,351.4798125,351.5398125,351.5198125,0.060000000000002274,0.040000000000020464,-0.004487129,False,False,False,False,False,fatha
31,21,70,72,َ,َ,351.5398125,351.6598125,351.55981249999996,0.12000000000000455,0.01999999999998181,-0.0015066236,False,False,False,False,False,kasra
31,21,71,73,ب,ب,351.6598125,351.7198125,351.67981249999997,0.060000000000002274,0.01999999999998181,-5.8652167,False,False,False,False,False,kasra
31,21,72,74,ِ,ِ,351.7198125,351.81981249999995,351.73981249999997,0.0999999999999659,0.01999999999998181,-0.00018332708,False,False,False,False,False,damma
31,21,73,75,ع,ع,351.81981249999995,351.87981249999996,351.8398125,0.060000000000002274,0.020000000000038654,-0.026708044,False,False,False,False,False,damma
31,21,74,76,ُ,ُ,351.87981249999996,352.0198125,351.8998125,0.1400000000000432,0.020000000000038654,-0.0069722687,False,False,False,False,False,fatha
31,21,75,77, ,|,352.0198125,352.11981249999997,352.05981249999996,0.0999999999999659,0.03999999999996362,-0.028081074,False,False,False,False,False,fatha
31,21,76,78,م,م,352.11981249999997,352.17981249999997,352.13981249999995,0.060000000000002274,0.01999999999998181,-8.4158215e-05,False,False,False,False,False,fatha
31,21,77,79,َ,َ,352.17981249999997,352.25981249999995,352.19981249999995,0.07999999999998408,0.01999999999998181,-8.160445,False,False,False,False,False,none
31,21,78,80,ا,ا,352.25981249999995,352.43981249999996,352.2798125,0.18000000000000682,0.020000000000038654,-0.00023600654,False,False,False,False,False,fatha
31,21,79,81, ,|,352.43981249999996,352.55981249999996,352.4598125,0.12000000000000455,0.020000000000038654,-0.007923363,False,False,False,False,False,fatha
31,21,80,82,و,و,352.55981249999996,352.61981249999997,352.57981249999995,0.060000000000002274,0.01999999999998181,-0.0006654432,False,False,False,False,False,fatha
31,21,81,83,َ,َ,352.61981249999997,352.75981249999995,352.63981249999995,0.13999999999998636,0.01999999999998181,-0.000681883,False,False,False,False,False,fatha
31,21,82,84,ج,ج,352.75981249999995,352.81981249999995,352.7798125,0.060000000000002274,0.020000000000038654,-1.6015594,False,False,False,False,False,fatha
31,21,83,85,َ,َ,352.81981249999995,352.93981249999996,352.8398125,0.12000000000000455,0.020000000000038654,-0.00029928974,False,False,False,False,True,sukun
31,21,84,86,د,د,352.93981249999996,352.99981249999996,352.9598125,0.060000000000002274,0.020000000000038654,-2.1731405,False,False,False,False,True,sukun
31,21,85,87,ْ,ْ,352.99981249999996,353.13981249999995,353.0198125,0.13999999999998636,0.020000000000038654,-4.763115,False,False,False,False,False,fatha
31,21,86,88,ن,ن,353.13981249999995,353.19981249999995,353.1598125,0.060000000000002274,0.020000000000038654,-0.00021514962,False,False,False,False,False,fatha
31,21,87,89,َ,َ,353.19981249999995,353.25981249999995,353.2198125,0.060000000000002274,0.020000000000038654,-12.332038,False,False,False,False,False,none
31,21,88,90,ا,ا,353.25981249999995,353.3998125,353.2798125,0.1400000000000432,0.020000000000038654,-5.6384404e-05,False,False,False,False,False,fatha
31,21,89,91, ,|,353.3998125,353.55981249999996,353.4598125,0.15999999999996817,0.060000000000002274,-0.14052056,False,False,False,False,False,fatha
31,21,90,92,ع,ع,353.55981249999996,353.61981249999997,353.57981249999995,0.060000000000002274,0.01999999999998181,-0.0026752893,False,False,False,False,False,fatha
31,21,91,93,َ,َ,353.61981249999997,353.75981249999995,353.63981249999995,0.13999999999998636,0.01999999999998181,-0.00073215377,False,False,False,False,False,fatha
31,21,92,94,ل,ل,353.75981249999995,353.81981249999995,353.7798125,0.060000000000002274,0.020000000000038654,-0.006482051,False,False,False,False,False,fatha
31,21,93,95,َ,َ,353.81981249999995,353.93981249999996,353.8398125,0.12000000000000455,0.020000000000038654,-0.0002575781,False,False,False,False,True,sukun
31,21,94,96,ي,ي,353.93981249999996,354.0198125,353.9598125,0.08000000000004093,0.020000000000038654,-0.0043565365,False,False,False,False,True,sukun
31,21,95,97,ْ,ْ,354.0198125,354.1598125,354.0398125,0.13999999999998636,0.01999999999998181,-2.9892564,False,False,False,False,False,kasra
31,21,96,98,ه,ه,354.1598125,354.2198125,354.17981249999997,0.060000000000002274,0.01999999999998181,-0.09486621,False,False,False,False,False,kasra
31,21,97,99,ِ,ِ,354.2198125,354.31981249999995,354.25981249999995,0.0999999999999659,0.03999999999996362,-0.055719163,False,False,False,False,False,fatha
31,21,98,100, ,|,354.31981249999995,354.37981249999996,354.3398125,0.060000000000002274,0.020000000000038654,-0.25031573,False,False,False,False,False,fatha
31,21,99,101,ء,ء,354.37981249999996,354.6598125,354.3998125,0.28000000000002956,0.020000000000038654,-13.488763,False,False,False,False,False,fatha
31,21,100,102,َ,َ,354.6598125,354.67981249999997,354.67981249999997,0.01999999999998181,0.01999999999998181,-1.0429406,False,False,False,False,False,fatha
31,21,101,103,ا,ا,354.67981249999997,354.7798125,354.69981249999995,0.10000000000002274,0.01999999999998181,-11.784422,False,False,False,True,False,fatha
31,21,102,104,ب,ب,354.7798125,354.8598125,354.7998125,0.07999999999998408,0.01999999999998181,-0.0024618576,False,False,False,True,False,fatha
31,21,103,105,َ,َ,354.8598125,354.8998125,354.87981249999996,0.040000000000020464,0.01999999999998181,-0.42811495,False,False,False,True,False,none
31,21,104,106,ا,ا,354.8998125,354.93981249999996,354.9198125,0.03999999999996362,0.01999999999998181,-11.240268,False,False,False,True,False,fatha
31,21,105,107,ٓ,ا,354.93981249999996,356.49981249999996,354.9598125,1.5600000000000023,0.020000000000038654,-0.0013563966,False,False,False,False,False,fatha
31,21,106,108,ء,ء,356.49981249999996,356.55981249999996,356.5198125,0.060000000000002274,0.020000000000038654,-0.03887273,False,False,False,False,False,fatha
31,21,107,109,َ,َ,356.55981249999996,356.7198125,356.5998125,0.160000000000025,0.040000000000020464,-0.30104655,False,False,False,True,False,fatha
31,21,108,110,ن,ن,356.7198125,356.7798125,356.73981249999997,0.060000000000002274,0.01999999999998181,-0.0010509926,False,False,False,True,False,fatha
31,21,109,111,َ,َ,356.7798125,356.81981249999995,356.7998125,0.03999999999996362,0.01999999999998181,-12.159185,False,False,False,True,False,none
31,21,110,112,ا,ا,356.81981249999995,356.8598125,356.8398125,0.040000000000020464,0.020000000000038654,-5.325202,False,False,False,True,False,none
31,21,111,113,ٓ,ا,356.8598125,357.0398125,356.87981249999996,0.18000000000000682,0.01999999999998181,-0.75349325,False,False,False,False,False,none
31,21,112,114, ,|,357.0398125,358.19981249999995,357.05981249999996,1.1599999999999682,0.01999999999998181,-4.1564145,False,False,False,False,False,none
31,21,113,117,أ,أ,358.19981249999995,358.23981249999997,358.2198125,0.040000000000020464,0.020000000000038654,-4.0172723e-05,False,False,False,False,False,fatha
31,21,114,118,َ,َ,358.23981249999997,358.3998125,358.2798125,0.160000000000025,0.040000000000020464,-0.022887267,False,False,False,False,False,fatha
31,21,115,119,و,و,358.3998125,358.49981249999996,358.4198125,0.0999999999999659,0.01999999999998181,-0.22881572,False,False,False,False,False,fatha
31,21,116,120,َ,َ,358.49981249999996,358.61981249999997,358.5198125,0.12000000000000455,0.020000000000038654,-0.00025686302,False,False,False,False,False,fatha
31,21,117,121,ل,ل,358.61981249999997,358.67981249999997,358.63981249999995,0.060000000000002274,0.01999999999998181,-8.439662e-05,False,False,False,False,False,fatha
31,21,118,122,َ,َ,358.67981249999997,358.75981249999995,358.69981249999995,0.07999999999998408,0.01999999999998181,-0.026352813,False,False,False,False,True,sukun
31,21,119,123,و,و,358.75981249999995,358.81981249999995,358.7798125,0.060000000000002274,0.020000000000038654,-0.026907891,False,False,False,False,True,sukun
31,21,120,124,ْ,ْ,358.81981249999995,358.87981249999996,358.8398125,0.060000000000002274,0.020000000000038654,-1.460634,False,False,False,False,False,fatha
31,21,121,125, ,|,358.87981249999996,359.0398125,358.93981249999996,0.160000000000025,0.060000000000002274,-0.03791314,False,False,False,False,False,fatha
31,21,122,126,ك,ك,359.0398125,359.11981249999997,359.05981249999996,0.07999999999998408,0.01999999999998181,-1.03711545e-05,False,False,False,False,False,fatha
31,21,123,127,َ,َ,359.11981249999997,359.19981249999995,359.13981249999995,0.07999999999998408,0.01999999999998181,-5.34075,False,False,False,False,False,fatha
31,21,124,128,ا,ا,359.19981249999995,359.4198125,359.2198125,0.22000000000002728,0.020000000000038654,-0.0036189558,False,False,False,False,False,fatha
31,21,125,129,ن,ن,359.4198125,359.4798125,359.4598125,0.060000000000002274,0.040000000000020464,-0.0024489118,False,False,False,False,False,fatha
31,21,126,130,َ,َ,359.4798125,359.5398125,359.5198125,0.060000000000002274,0.040000000000020464,-0.11944921,False,False,False,False,False,none
31,21,127,131, ,|,359.5398125,359.5998125,359.5998125,0.060000000000002274,0.060000000000002274,-0.016278226,False,False,False,False,False,none
31,21,128,132,ٱ,ا,359.5998125,359.63981249999995,359.61981249999997,0.03999999999996362,0.01999999999998181,-3.887924,False,False,False,False,False,none
31,21,129,133,ل,ل,359.63981249999995,359.8398125,359.67981249999997,0.20000000000004547,0.040000000000020464,-0.068144485,False,True,False,False,False,fatha
31,21,130,134,ش,ش,359.8398125,359.87981249999996,359.87981249999996,0.03999999999996362,0.03999999999996362,-0.06447644,False,True,False,False,False,fatha
31,21,131,135,ّ,ّ,359.87981249999996,359.93981249999996,359.93981249999996,0.060000000000002274,0.060000000000002274,-0.12427106,False,False,False,False,False,fatha
31,21,132,136,َ,َ,359.93981249999996,360.05981249999996,359.9598125,0.12000000000000455,0.020000000000038654,-0.0012126957,False,False,False,False,True,sukun
31,21,133,137,ي,ي,360.05981249999996,360.11981249999997,360.0798125,0.060000000000002274,0.020000000000038654,-5.3644035e-06,False,False,False,False,True,sukun
31,21,134,138,ْ,ْ,360.11981249999997,360.2998125,360.13981249999995,0.18000000000000682,0.01999999999998181,-8.074532,False,False,True,False,False,fatha
31,21,135,139,ط,ط,360.2998125,360.3998125,360.31981249999995,0.10000000000002274,0.01999999999998181,-2.5475678,True,False,True,False,False,fatha
31,21,136,140,َ,َ,360.3998125,360.4598125,360.4198125,0.060000000000002274,0.01999999999998181,-1.4999032,False,False,True,False,False,none
31,21,137,142,ٰ,ا,360.4598125,360.67981249999997,360.4798125,0.21999999999997044,0.01999999999998181,-1.1403493,False,False,False,False,False,damma
31,21,138,143,ن,ن,360.67981249999997,360.75981249999995,360.69981249999995,0.07999999999998408,0.01999999999998181,-0.000114791954,False,False,False,False,False,damma
31,21,139,144,ُ,ُ,360.75981249999995,360.8398125,360.7798125,0.08000000000004093,0.020000000000038654,-0.0003644756,False,False,False,False,False,fatha
31,21,140,145, ,|,360.8398125,360.93981249999996,360.8998125,0.0999999999999659,0.060000000000002274,-0.005491693,False,False,False,False,False,fatha
31,21,141,146,ي,ي,360.93981249999996,360.99981249999996,360.9598125,0.060000000000002274,0.020000000000038654,-4.9828242e-05,False,False,False,False,False,fatha
31,21,142,147,َ,َ,360.99981249999996,361.13981249999995,361.0198125,0.13999999999998636,0.020000000000038654,-0.00017009719,False,False,False,False,True,sukun
31,21,143,148,د,د,361.13981249999995,361.19981249999995,361.1598125,0.060000000000002274,0.020000000000038654,-6.1748506e-05,False,False,False,False,True,sukun
31,21,144,149,ْ,ْ,361.19981249999995,361.31981249999995,361.2198125,0.12000000000000455,0.020000000000038654,-0.77861667,False,False,False,False,False,damma
31,21,145,150,ع,ع,361.31981249999995,361.3998125,361.3398125,0.08000000000004093,0.020000000000038654,-0.0005652499,False,False,False,False,False,damma
31,21,146,151,ُ,ُ,361.3998125,361.4798125,361.4198125,0.07999999999998408,0.01999999999998181,-0.021292433,False,False,False,False,False,damma
31,21,147,152,و,و,361.4798125,361.73981249999997,361.49981249999996,0.2599999999999909,0.01999999999998181,-0.02681273,False,False,False,False,False,damma
31,21,148,153,ه,ه,361.73981249999997,361.81981249999995,361.75981249999995,0.07999999999998408,0.01999999999998181,-0.00037388963,False,False,False,False,False,damma
31,21,149,154,ُ,ُ,361.81981249999995,361.9798125,361.8398125,0.160000000000025,0.020000000000038654,-0.00038556772,False,False,False,False,True,sukun
31,21,150,155,م,م,361.9798125,362.0798125,361.99981249999996,0.10000000000002274,0.01999999999998181,-7.211902e-05,False,False,False,False,True,sukun
31,21,151,156,ْ,ْ,362.0798125,362.0998125,362.0998125,0.01999999999998181,0.01999999999998181,-8.019876,False,False,False,False,False,kasra
31,21,152,157, ,|,362.0998125,362.17981249999997,362.1598125,0.07999999999998408,0.060000000000002274,-0.038198333,False,False,False,False,False,kasra
31,21,153,158,إ,إ,362.17981249999997,362.23981249999997,362.19981249999995,0.060000000000002274,0.01999999999998181,-6.6754976e-05,False,False,False,False,False,kasra
31,21,154,159,ِ,ِ,362.23981249999997,362.3598125,362.2798125,0.12000000000000455,0.040000000000020464,-0.00021842563,False,False,True,False,False,fatha
31,21,155,160,ل,ل,362.3598125,362.43981249999996,362.37981249999996,0.07999999999998408,0.01999999999998181,-5.6384404e-05,False,False,True,False,False,fatha
31,21,156,161,َ,َ,362.43981249999996,362.49981249999996,362.4598125,0.060000000000002274,0.020000000000038654,-11.013692,False,False,True,False,False,none
31,21,157,162,ى,ى,362.49981249999996,362.67981249999997,362.51981249999994,0.18000000000000682,0.01999999999998181,-0.020178515,False,False,True,False,False,none
31,21,158,163,ٰ,ا,362.67981249999997,362.69981249999995,362.69981249999995,0.01999999999998181,0.01999999999998181,-13.85977,False,False,False,False,False,fatha
31,21,159,164, ,|,362.69981249999995,362.81981249999995,362.73981249999997,0.12000000000000455,0.040000000000020464,-0.28895542,False,False,False,False,False,fatha
31,21,160,165,ع,ع,362.81981249999995,362.8598125,362.8398125,0.040000000000020464,0.020000000000038654,-3.1337569,False,False,False,False,False,fatha
31,21,161,166,َ,َ,362.8598125,363.01981249999994,362.8998125,0.15999999999996817,0.040000000000020464,-0.1345418,False,False,False,False,False,fatha
31,21,162,167,ذ,ذ,363.01981249999994,363.0998125,363.0398125,0.08000000000004093,0.020000000000038654,-3.0917854,False,False,False,False,False,fatha
31,21,163,168,َ,َ,363.0998125,363.1598125,363.11981249999997,0.060000000000002274,0.01999999999998181,-9.785216,False,False,False,False,False,kasra
31,21,164,169,ا,ا,363.1598125,363.43981249999996,363.17981249999997,0.2799999999999727,0.01999999999998181,-0.039453223,False,False,False,False,False,kasra
31,21,165,170,ب,ب,363.43981249999996,363.4798125,363.4598125,0.040000000000020464,0.020000000000038654,-0.029789297,False,False,False,False,False,kasra
31,21,166,171,ِ,ِ,363.4798125,363.5398125,363.49981249999996,0.060000000000002274,0.01999999999998181,-0.0018907781,False,False,False,False,False,none
31,21,167,172, ,|,363.5398125,363.5998125,363.5798125,0.060000000000002274,0.040000000000020464,-0.007520755,False,False,False,False,False,none
31,21,168,173,ٱ,ا,363.5998125,363.63981249999995,363.61981249999997,0.03999999999996362,0.01999999999998181,-2.3360949,False,False,False,False,False,none
31,21,169,174,ل,ل,363.63981249999995,363.8398125,363.6598125,0.20000000000004547,0.020000000000038654,-0.00052426424,False,True,False,False,False,fatha
31,21,170,175,س,س,363.8398125,363.87981249999996,363.8598125,0.03999999999996362,0.01999999999998181,-0.015924888,False,True,False,False,False,fatha
31,21,171,176,ّ,ّ,363.87981249999996,363.9598125,363.9598125,0.08000000000004093,0.08000000000004093,-0.6113073,False,False,False,False,False,fatha
31,21,172,177,َ,َ,363.9598125,364.61981249999997,363.9798125,0.6599999999999682,0.01999999999998181,-0.03597372,False,False,False,False,False,kasra
31,21,173,178,ع,ع,364.61981249999997,364.67981249999997,364.63981249999995,0.060000000000002274,0.01999999999998181,-4.5046825,False,False,False,False,False,kasra
31,21,174,179,ِ,ِ,364.67981249999997,366.69981249999995,364.69981249999995,2.019999999999982,0.01999999999998181,-0.026378937,False,False,False,False,False,kasra
31,21,175,180,ي,ي,366.93981249999996,367.37981249999996,366.9598125,0.4399999999999977,0.020000000000038654,-4.9947444e-05,False,False,False,False,False,kasra
31,21,176,181,ر,ر,367.37981249999996,367.43981249999996,367.3998125,0.060000000000002274,0.020000000000038654,-13.236338,False,False,False,False,False,kasra
31,21,177,182,ِ,ِ,367.43981249999996,369.41818750000004,367.4598125,1.978375000000085,0.020000000000038654,-0.0006843847,False,False,False,False,False,none
31,22,0,0,و,و,369.2181875,369.2381875,369.2381875,0.01999999999998181,0.01999999999998181,-10.041152,False,False,False,False,False,fatha
31,22,1,1,َ,َ,369.2381875,369.2581875,369.2581875,0.020000000000038654,0.020000000000038654,-14.496202,False,False,False,False,False,fatha
31,22,2,2,م,م,369.2581875,369.2781875,369.2781875,0.01999999999998181,0.01999999999998181,-10.839168,False,False,False,False,False,fatha
31,22,3,3,َ,َ,369.2781875,369.2981875,369.2981875,0.01999999999998181,0.01999999999998181,-13.563591,False,False,False,False,False,none
31,22,4,4,ن,ن,369.2981875,369.3181875,369.3181875,0.020000000000038654,0.020000000000038654,-11.88379,False,False,False,False,False,damma
31,22,5,5, ,|,369.3181875,369.3381875,369.3381875,0.01999999999998181,0.01999999999998181,-17.512203,False,False,False,False,False,damma
31,22,6,6,ي,ي,369.3381875,369.3581875,369.3581875,0.01999999999998181,0.01999999999998181,-14.614295,False,False,False,False,False,damma
31,22,7,7,ُ,ُ,369.3581875,369.3781875,369.3781875,0.020000000000038654,0.020000000000038654,-17.310572,False,False,False,False,True,sukun
31,22,8,8,س,س,369.3781875,369.3981875,369.3981875,0.01999999999998181,0.01999999999998181,-17.79298,False,False,False,False,True,sukun
31,22,9,9,ْ,ْ,369.3981875,369.4181875,369.4181875,0.01999999999998181,0.01999999999998181,-16.925787,False,False,False,False,False,kasra
31,22,10,10,ل,ل,369.4181875,369.4381875,369.4381875,0.020000000000038654,0.020000000000038654,-18.4961,False,False,False,False,False,kasra
31,22,11,11,ِ,ِ,369.4381875,369.4581875,369.4581875,0.01999999999998181,0.01999999999998181,-16.410162,False,False,False,False,True,sukun
31,22,12,12,م,م,369.4581875,369.4781875,369.4781875,0.01999999999998181,0.01999999999998181,-14.00843,False,False,False,False,True,sukun
31,22,13,13,ْ,ْ,369.4781875,369.4981875,369.4981875,0.01999999999998181,0.01999999999998181,-15.368167,False,False,False,False,False,fatha
31,22,14,14, ,|,369.4981875,369.5181875,369.5181875,0.020000000000038654,0.020000000000038654,-0.015316956,False,False,False,False,False,fatha
31,22,15,15,و,و,369.5181875,369.5381875,369.5381875,0.01999999999998181,0.01999999999998181,-14.7383585,False,False,False,False,False,fatha
31,22,16,16,َ,َ,369.5381875,369.5581875,369.5581875,0.01999999999998181,0.01999999999998181,-15.469465,False,False,False,False,True,sukun
31,22,17,17,ج,ج,369.5581875,369.5781875,369.5781875,0.020000000000038654,0.020000000000038654,-22.054787,False,False,False,False,True,sukun
31,22,18,18,ْ,ْ,369.5781875,369.5981875,369.5981875,0.01999999999998181,0.01999999999998181,-16.953175,False,False,False,False,False,fatha
31,22,19,19,ه,ه,369.5981875,369.6181875,369.6181875,0.01999999999998181,0.01999999999998181,-16.150562,False,False,False,False,False,fatha
31,22,20,20,َ,َ,369.6181875,369.6381875,369.6381875,0.020000000000038654,0.020000000000038654,-14.429951,False,False,False,True,False,damma
31,22,21,21,ه,ه,369.6381875,369.6581875,369.6581875,0.01999999999998181,0.01999999999998181,-15.970891,False,False,False,True,False,damma
31,22,22,22,ُ,ُ,369.6581875,369.6781875,369.6781875,0.01999999999998181,0.01999999999998181,-16.771036,False,False,False,True,False,none
31,22,23,24,ٓ,ا,369.6781875,369.6981875,369.6981875,0.020000000000038654,0.020000000000038654,-17.353521,False,False,False,False,False,kasra
31,22,24,25, ,|,369.6981875,369.7181875,369.7181875,0.01999999999998181,0.01999999999998181,-17.629883,False,False,False,False,False,kasra
31,22,25,26,إ,إ,369.7181875,369.7381875,369.7381875,0.01999999999998181,0.01999999999998181,-21.332031,False,False,False,False,False,kasra
31,22,26,27,ِ,ِ,369.7381875,369.7581875,369.7581875,0.020000000000038654,0.020000000000038654,-16.472662,False,False,False,False,False,fatha
31,22,27,28,ل,ل,369.7581875,369.7981875,369.7781875,0.03999999999996362,0.01999999999998181,-7.711386,False,False,False,False,False,fatha
31,22,28,29,َ,َ,369.7981875,369.8381875,369.8181875,0.040000000000020464,0.020000000000038654,-0.6738411,False,False,False,False,False,none
31,22,29,30,ى,ى,369.8381875,369.8781875,369.8581875,0.040000000000020464,0.01999999999998181,-5.3523538e-05,False,False,False,False,False,none
31,22,30,31, ,|,369.8781875,369.9181875,369.9181875,0.03999999999996362,0.03999999999996362,-4.8754897e-05,False,False,False,False,False,none
31,22,31,32,ٱ,ا,369.9181875,369.9581875,369.9581875,0.040000000000020464,0.040000000000020464,-0.07717311,False,False,False,False,False,none
31,22,32,33,ل,ل,369.9581875,370.1781875,370.0381875,0.21999999999997044,0.07999999999998408,-0.1375502,False,True,False,False,False,fatha
31,22,33,34,ل,ل,370.1781875,370.1981875,370.1981875,0.020000000000038654,0.020000000000038654,-0.00011300402,False,True,False,False,False,fatha
31,22,34,35,ّ,ّ,370.1981875,370.2581875,370.2581875,0.060000000000002274,0.060000000000002274,-0.08501937,False,False,False,False,False,fatha
31,22,35,36,َ,َ,370.2581875,370.5181875,370.2981875,0.2599999999999909,0.03999999999996362,-0.0036261112,False,False,False,False,False,kasra
31,22,36,37,ه,ه,370.5181875,370.5781875,370.5381875,0.060000000000002274,0.01999999999998181,-1.5020258e-05,False,False,False,False,False,kasra
31,22,37,38,ِ,ِ,370.5781875,370.6581875,370.6181875,0.07999999999998408,0.03999999999996362,-0.026835702,False,False,False,False,False,fatha
31,22,38,39, ,|,370.6581875,370.7781875,370.7381875,0.12000000000000455,0.07999999999998408,-0.064573236,False,False,False,False,False,fatha
31,22,39,40,و,و,370.7781875,370.8381875,370.7981875,0.060000000000002274,0.01999999999998181,-9.655906e-06,False,False,False,False,False,fatha
31,22,40,41,َ,َ,370.8381875,370.9981875,370.8581875,0.15999999999996817,0.01999999999998181,-0.0003942666,False,False,False,False,False,damma
31,22,41,42,ه,ه,370.9981875,371.0581875,371.0181875,0.060000000000002274,0.020000000000038654,-0.00077062944,False,False,False,False,False,damma
31,22,42,43,ُ,ُ,371.0581875,371.1781875,371.0781875,0.12000000000000455,0.020000000000038654,-1.0132739e-05,False,False,False,False,False,fatha
31,22,43,44,و,و,371.1781875,371.2381875,371.1981875,0.060000000000002274,0.020000000000038654,-3.2186456e-06,False,False,False,False,False,fatha
31,22,44,45,َ,َ,371.2381875,371.2981875,371.2581875,0.060000000000002274,0.020000000000038654,-2.527205e-05,False,False,False,False,False,damma
31,22,45,46, ,|,371.2981875,371.3781875,371.3381875,0.08000000000004093,0.040000000000020464,-0.018522428,False,False,False,False,False,damma
31,22,46,47,م,م,371.3781875,371.4381875,371.3981875,0.060000000000002274,0.01999999999998181,-1.6808368e-05,False,False,False,False,False,damma
31,22,47,48,ُ,ُ,371.4381875,371.5781875,371.4581875,0.13999999999998636,0.01999999999998181,-1.239769e-05,False,False,False,False,True,sukun
31,22,48,49,ح,ح,371.5781875,371.6381875,371.6181875,0.060000000000002274,0.03999999999996362,-0.00916684,False,False,False,False,True,sukun
31,22,49,50,ْ,ْ,371.6381875,371.7781875,371.6581875,0.13999999999998636,0.01999999999998181,-0.067007735,False,False,False,False,False,kasra
31,22,50,51,س,س,371.7781875,371.8781875,371.7981875,0.10000000000002274,0.01999999999998181,-3.560163,False,False,False,False,False,kasra
31,22,51,52,ِ,ِ,371.8781875,371.9981875,371.8981875,0.1199999999999477,0.01999999999998181,-0.0003665014,False,False,False,False,False,tanween
31,22,52,53,ن,ن,371.9981875,372.0581875,372.0181875,0.060000000000002274,0.020000000000038654,-7.5814234e-05,False,False,False,False,False,tanween
31,22,53,54,ٌ,ٌ,372.0581875,372.7781875,372.0781875,0.7200000000000273,0.020000000000038654,-0.036845133,False,False,False,False,False,none
31,22,54,56, ,|,372.7781875,372.8781875,372.7981875,0.10000000000002274,0.01999999999998181,-0.16029133,False,False,False,False,False,fatha
31,22,55,57,ف,ف,372.8781875,372.9581875,372.8981875,0.07999999999998408,0.01999999999998181,-0.0015232876,False,False,False,False,False,fatha
31,22,56,58,َ,َ,372.9581875,373.1581875,372.9781875,0.19999999999998863,0.01999999999998181,-0.0012417472,False,False,False,False,False,fatha
31,22,57,59,ق,ق,373.1581875,373.1981875,373.1781875,0.040000000000020464,0.01999999999998181,-3.874227e-05,True,False,False,False,False,fatha
31,22,58,60,َ,َ,373.1981875,373.3181875,373.2381875,0.12000000000000455,0.03999999999996362,-0.035805967,False,False,False,False,False,kasra
31,22,59,61,د,د,373.3181875,373.3781875,373.3381875,0.060000000000002274,0.01999999999998181,-7.9390236e-05,False,False,False,False,False,kasra
31,22,60,62,ِ,ِ,373.3781875,373.4181875,373.3981875,0.03999999999996362,0.01999999999998181,-0.013198627,False,False,False,False,False,none
31,22,61,63, ,|,373.4181875,373.4581875,373.4581875,0.040000000000020464,0.040000000000020464,-1.8179202e-05,False,False,False,False,False,sukun
31,22,62,64,ٱ,ا,373.4581875,373.5381875,373.4981875,0.07999999999998408,0.03999999999996362,-0.10766966,False,False,False,False,True,sukun
31,22,63,65,س,س,373.5381875,373.5981875,373.5581875,0.060000000000002274,0.01999999999998181,-6.258292e-05,False,False,False,False,True,sukun
31,22,64,66,ْ,ْ,373.5981875,373.7181875,373.6181875,0.12000000000000455,0.01999999999998181,-0.4453231,False,False,False,False,False,fatha
31,22,65,67,ت,ت,373.7181875,373.7981875,373.7381875,0.07999999999998408,0.01999999999998181,-5.0543462e-05,False,False,False,False,False,fatha
31,22,66,68,َ,َ,373.7981875,373.9581875,373.8381875,0.160000000000025,0.040000000000020464,-0.025445389,False,False,False,False,True,sukun
31,22,67,69,م,م,373.9581875,373.9981875,373.9781875,0.03999999999996362,0.01999999999998181,-0.00018249277,False,False,False,False,True,sukun
31,22,68,70,ْ,ْ,373.9981875,374.1381875,374.0381875,0.1400000000000432,0.040000000000020464,-0.067658275,False,False,False,False,False,fatha
31,22,69,71,س,س,374.1381875,374.2181875,374.1581875,0.07999999999998408,0.01999999999998181,-2.4199193e-05,False,False,False,False,False,fatha
31,22,70,72,َ,َ,374.2181875,374.3981875,374.2381875,0.18000000000000682,0.01999999999998181,-1.1920858e-05,False,False,False,False,False,fatha
31,22,71,73,ك,ك,374.3981875,374.4381875,374.4181875,0.040000000000020464,0.01999999999998181,-8.248942e-05,False,False,False,False,False,fatha
31,22,72,74,َ,َ,374.4381875,374.4781875,374.4781875,0.03999999999996362,0.03999999999996362,-0.1713154,False,False,False,False,False,kasra
31,22,73,75, ,|,374.4781875,374.5981875,374.5381875,0.12000000000000455,0.060000000000002274,-0.012533282,False,False,False,False,False,kasra
31,22,74,76,ب,ب,374.5981875,374.6581875,374.6181875,0.060000000000002274,0.01999999999998181,-3.5304008,False,False,False,False,False,kasra
31,22,75,77,ِ,ِ,374.6581875,374.7381875,374.6781875,0.07999999999998408,0.01999999999998181,-3.552374e-05,False,False,False,False,False,sukun
31,22,76,78,ٱ,ا,374.7381875,374.7981875,374.7581875,0.060000000000002274,0.020000000000038654,-7.0680113,False,False,False,False,True,sukun
31,22,77,79,ل,ل,374.7981875,374.8581875,374.8381875,0.060000000000002274,0.040000000000020464,-0.7201034,False,False,False,False,True,sukun
31,22,78,80,ْ,ْ,374.8581875,375.0181875,374.8781875,0.160000000000025,0.020000000000038654,-2.8648415,False,False,False,False,False,damma
31,22,79,81,ع,ع,375.0181875,375.0781875,375.0381875,0.060000000000002274,0.01999999999998181,-0.0006164796,False,False,False,False,False,damma
31,22,80,82,ُ,ُ,375.0781875,375.2381875,375.0981875,0.15999999999996817,0.01999999999998181,-0.00028963663,False,False,False,False,True,sukun
31,22,81,83,ر,ر,375.2381875,375.3181875,375.2581875,0.08000000000004093,0.020000000000038654,-2.2422137,False,False,False,False,True,sukun
31,22,82,84,ْ,ْ,375.3181875,375.4181875,375.3381875,0.0999999999999659,0.01999999999998181,-5.8545504,False,False,False,False,False,fatha
31,22,83,85,و,و,375.4181875,375.4781875,375.4381875,0.060000000000002274,0.020000000000038654,-0.00013755806,False,False,False,False,False,fatha
31,22,84,86,َ,َ,375.4781875,375.6581875,375.5181875,0.18000000000000682,0.040000000000020464,-0.07037216,False,False,False,False,False,kasra
31,22,85,87,ة,ة,375.6581875,375.7181875,375.6781875,0.060000000000002274,0.01999999999998181,-1.0847986e-05,False,False,False,False,False,kasra
31,22,86,88,ِ,ِ,375.7181875,375.8181875,375.7581875,0.10000000000002274,0.040000000000020464,-3.4958394,False,False,False,False,False,none
31,22,87,89, ,|,375.8181875,375.8781875,375.8781875,0.060000000000002274,0.060000000000002274,-0.014538799,False,False,False,False,False,sukun
31,22,88,90,ٱ,ا,375.8781875,375.9381875,375.8981875,0.060000000000002274,0.01999999999998181,-3.0169516,False,False,False,False,True,sukun
31,22,89,91,ل,ل,375.9381875,375.9781875,375.9581875,0.03999999999996362,0.01999999999998181,-0.9079524,False,False,False,False,True,sukun
31,22,90,92,ْ,ْ,375.9781875,376.1181875,375.9981875,0.13999999999998636,0.01999999999998181,-3.7467248,False,False,False,False,False,damma
31,22,91,93,و,و,376.1181875,376.1781875,376.1381875,0.060000000000002274,0.020000000000038654,-0.0056419657,False,False,False,False,False,damma
31,22,92,94,ُ,ُ,376.1781875,376.3381875,376.1981875,0.160000000000025,0.020000000000038654,-0.00032455422,False,False,False,False,True,sukun
31,22,93,95,ث,ث,376.3381875,376.4181875,376.3581875,0.07999999999998408,0.01999999999998181,-6.6363254,False,False,False,False,True,sukun
31,22,94,96,ْ,ْ,376.4181875,376.5581875,376.4381875,0.13999999999998636,0.020000000000038654,-0.69427794,False,False,True,False,False,fatha
31,22,95,97,ق,ق,376.5581875,376.6381875,376.5781875,0.08000000000004093,0.020000000000038654,-0.0022411249,True,False,True,False,False,fatha
31,22,96,98,َ,َ,376.6381875,376.7181875,376.6581875,0.07999999999998408,0.01999999999998181,-1.4554192,False,False,True,False,False,none
31,22,97,99,ى,ى,376.7181875,376.7381875,376.7381875,0.01999999999998181,0.01999999999998181,-0.010467273,False,False,True,False,False,none
31,22,98,100,ٰ,ا,376.7381875,377.9981875,376.7581875,1.259999999999991,0.020000000000038654,-13.76222,False,False,False,False,False,none
31,22,99,101, ,|,377.9981875,378.1381875,378.0781875,0.1400000000000432,0.08000000000004093,-0.05637844,False,False,False,False,False,none
31,22,100,104,و,و,378.1381875,378.1781875,378.1581875,0.03999999999996362,0.01999999999998181,-7.366863e-05,False,False,False,False,False,fatha
31,22,101,105,َ,َ,378.1781875,378.3181875,378.1981875,0.1400000000000432,0.020000000000038654,-0.00038115866,False,False,False,False,False,kasra
31,22,102,106,إ,إ,378.3181875,378.3581875,378.3381875,0.03999999999996362,0.01999999999998181,-6.735098e-05,False,False,False,False,False,kasra
31,22,103,107,ِ,ِ,378.3581875,378.4781875,378.3981875,0.12000000000000455,0.040000000000020464,-0.0014579135,False,False,False,False,False,fatha
31,22,104,108,ل,ل,378.4781875,378.5381875,378.4981875,0.060000000000002274,0.01999999999998181,-4.76836e-06,False,False,False,False,False,fatha
31,22,105,109,َ,َ,378.5381875,378.5781875,378.5581875,0.040000000000020464,0.01999999999998181,-0.051648077,False,False,False,False,False,none
31,22,106,110,ى,ى,378.5781875,378.6181875,378.5981875,0.03999999999996362,0.01999999999998181,-1.3708975e-05,False,False,False,False,False,none
31,22,107,111, ,|,378.6181875,378.6581875,378.6581875,0.040000000000020464,0.040000000000020464,-0.000134275,False,False,False,False,False,none
31,22,108,112,ٱ,ا,378.6581875,378.7181875,378.6981875,0.060000000000002274,0.040000000000020464,-0.049126513,False,False,False,False,False,none
31,22,109,113,ل,ل,378.7181875,378.9181875,378.7581875,0.19999999999998863,0.040000000000020464,-0.008219515,False,True,False,False,False,fatha
31,22,110,114,ل,ل,378.9181875,378.9581875,378.9581875,0.040000000000020464,0.040000000000020464,-0.0022750536,False,True,False,False,False,fatha
31,22,111,115,ّ,ّ,378.9581875,378.9981875,378.9981875,0.03999999999996362,0.03999999999996362,-0.001365317,False,False,False,False,False,fatha
31,22,112,116,َ,َ,378.9981875,379.2581875,379.0381875,0.26000000000004775,0.040000000000020464,-0.025577059,False,False,False,False,False,kasra
31,22,113,117,ه,ه,379.2581875,379.3181875,379.2781875,0.060000000000002274,0.01999999999998181,-3.0278701e-05,False,False,False,False,False,kasra
31,22,114,118,ِ,ِ,379.3181875,379.3781875,379.3581875,0.060000000000002274,0.03999999999996362,-0.16645911,False,False,False,False,False,fatha
31,22,115,119, ,|,379.3781875,379.4981875,379.4381875,0.1199999999999477,0.060000000000002274,-0.0023057456,False,False,True,False,False,fatha
31,22,116,120,ع,ع,379.4981875,379.5381875,379.5181875,0.040000000000020464,0.020000000000038654,-3.8146245e-05,False,False,True,False,False,fatha
31,22,117,121,َ,َ,379.5381875,379.6181875,379.5581875,0.07999999999998408,0.01999999999998181,-4.905879,False,False,True,False,False,none
31,22,118,123,ٰ,ا,379.6181875,379.9381875,379.6581875,0.32000000000005,0.040000000000020464,-0.043878246,False,False,False,False,False,kasra
31,22,119,124,ق,ق,379.9381875,380.0181875,379.9581875,0.07999999999998408,0.01999999999998181,-6.842379e-05,True,False,False,False,False,kasra
31,22,120,125,ِ,ِ,380.0181875,380.1381875,380.0381875,0.12000000000000455,0.01999999999998181,-9.750845e-05,False,False,False,False,False,fatha
31,22,121,126,ب,ب,380.1381875,380.2181875,380.1581875,0.07999999999998408,0.01999999999998181,-9.4647694e-05,False,False,False,False,False,fatha
31,22,122,127,َ,َ,380.2181875,380.3781875,380.2381875,0.160000000000025,0.01999999999998181,-9.846203e-05,False,False,False,False,False,damma
31,22,123,128,ة,ة,380.3781875,380.4381875,380.3981875,0.060000000000002274,0.01999999999998181,-0.00011193126,False,False,False,False,False,damma
31,22,124,129,ُ,ُ,380.4381875,380.4981875,380.4781875,0.05999999999994543,0.03999999999996362,-0.13339165,False,False,False,False,False,none
31,22,125,130, ,|,380.4981875,380.5781875,380.5581875,0.08000000000004093,0.060000000000002274,-0.15628704,False,False,False,False,False,sukun
31,22,126,131,ٱ,ا,380.5781875,380.6381875,380.5981875,0.060000000000002274,0.01999999999998181,-0.9167988,False,False,False,False,True,sukun
31,22,127,132,ل,ل,380.6381875,380.6981875,380.6781875,0.060000000000002274,0.03999999999996362,-0.001858729,False,False,False,False,True,sukun
31,22,128,133,ْ,ْ,380.6981875,380.7981875,380.7181875,0.0999999999999659,0.01999999999998181,-2.6005812,False,False,False,False,False,damma
31,22,129,134,أ,أ,380.7981875,380.8581875,380.8181875,0.060000000000002274,0.020000000000038654,-0.002491824,False,False,False,False,False,damma
31,22,130,135,ُ,ُ,380.8581875,382.5781875,380.8981875,1.7200000000000273,0.040000000000020464,-0.0001647885,False,False,False,False,False,damma
31,22,131,136,م,م,382.5781875,384.5981875,382.5981875,2.019999999999982,0.01999999999998181,-2.9444262e-05,False,False,False,False,False,damma
31,22,132,137,ُ,ُ,386.2181875,386.4181875,386.2581875,0.19999999999998863,0.040000000000020464,-0.019921375,False,False,False,False,False,kasra
31,22,133,138,و,و,386.4181875,386.5581875,386.4381875,0.13999999999998636,0.020000000000038654,-9.959857,False,False,False,False,False,kasra
31,22,134,139,ر,ر,386.5581875,387.7181875,386.5781875,1.160000000000025,0.020000000000038654,-0.0018112935,False,False,False,False,False,kasra
31,22,135,140,ِ,ِ,387.7181875,388.678625,387.7581875,0.9604375000000118,0.040000000000020464,-0.40415633,False,False,False,False,False,none
31,23,0,0,و,و,388.4785625,388.4985625,388.4985625,0.01999999999998181,0.01999999999998181,-13.630507,False,False,False,False,False,fatha
31,23,1,1,َ,َ,388.4985625,388.51856250000003,388.51856250000003,0.020000000000038654,0.020000000000038654,-8.106316,False,False,False,False,False,fatha
31,23,2,2,م,م,388.51856250000003,388.5385625,388.5385625,0.01999999999998181,0.01999999999998181,-7.9486675,False,False,False,False,False,fatha
31,23,3,3,َ,َ,388.5385625,388.5585625,388.5585625,0.01999999999998181,0.01999999999998181,-10.521632,False,False,False,False,False,none
31,23,4,4,ن,ن,388.5585625,388.5985625,388.57856250000003,0.040000000000020464,0.020000000000038654,-16.587896,False,False,False,False,False,fatha
31,23,5,5, ,|,388.5985625,388.6185625,388.6185625,0.01999999999998181,0.01999999999998181,-0.013753293,False,False,False,False,False,fatha
31,23,6,6,ك,ك,388.6185625,388.6785625,388.63856250000003,0.060000000000002274,0.020000000000038654,-15.096167,False,False,False,False,False,fatha
31,23,7,7,َ,َ,388.6785625,388.69856250000004,388.69856250000004,0.020000000000038654,0.020000000000038654,-14.809525,False,False,False,False,False,fatha
31,23,8,8,ف,ف,388.69856250000004,388.7185625,388.7185625,0.01999999999998181,0.01999999999998181,-16.886227,False,False,False,False,False,fatha
31,23,9,9,َ,َ,388.7185625,388.7385625,388.7385625,0.01999999999998181,0.01999999999998181,-12.492191,False,False,False,False,False,fatha
31,23,10,10,ر,ر,388.7385625,388.7585625,388.7585625,0.01999999999998181,0.01999999999998181,-14.487339,False,False,False,False,False,fatha
31,23,11,11,َ,َ,388.7585625,388.7985625,388.7785625,0.040000000000020464,0.020000000000038654,-0.000287849,False,False,False,False,False,fatha
31,23,12,12, ,|,388.7985625,388.8185625,388.8185625,0.01999999999998181,0.01999999999998181,-13.301041,False,False,False,False,False,fatha
31,23,13,13,ف,ف,388.8185625,388.8385625,388.8385625,0.020000000000038654,0.020000000000038654,-17.843822,False,False,False,False,False,fatha
31,23,14,14,َ,َ,388.8385625,388.8585625,388.8585625,0.01999999999998181,0.01999999999998181,-16.750208,False,False,False,False,False,fatha
31,23,15,15,ل,ل,388.8585625,388.8785625,388.8785625,0.01999999999998181,0.01999999999998181,-14.056217,False,False,False,False,False,fatha
31,23,16,16,َ,َ,388.8785625,388.8985625,388.8985625,0.020000000000038654,0.020000000000038654,-14.439211,False,False,False,False,False,none
31,23,17,17,ا,ا,388.8985625,388.9185625,388.9185625,0.01999999999998181,0.01999999999998181,-12.009875,False,False,False,False,False,fatha
31,23,18,18, ,|,388.9185625,388.9385625,388.9385625,0.01999999999998181,0.01999999999998181,-15.093543,False,False,False,False,False,fatha
31,23,19,19,ي,ي,388.9385625,388.9585625,388.9585625,0.020000000000038654,0.020000000000038654,-15.4462595,False,False,False,False,False,fatha
31,23,20,20,َ,َ,388.9585625,388.9785625,388.9785625,0.01999999999998181,0.01999999999998181,-9.327055,False,False,False,False,True,sukun
31,23,21,21,ح,ح,388.9785625,388.9985625,388.9985625,0.01999999999998181,0.01999999999998181,-15.724274,False,False,False,False,True,sukun
31,23,22,22,ْ,ْ,388.9985625,389.0985625,389.01856250000003,0.10000000000002274,0.020000000000038654,-3.3219497,False,False,False,False,False,damma
31,23,23,23,ز,ز,389.0985625,389.1785625,389.1185625,0.07999999999998408,0.01999999999998181,-8.821879,False,False,False,False,False,damma
31,23,24,24,ُ,ُ,389.1785625,389.19856250000004,389.19856250000004,0.020000000000038654,0.020000000000038654,-8.16443,False,False,False,False,False,fatha
31,23,25,25,ن,ن,389.19856250000004,389.2185625,389.2185625,0.01999999999998181,0.01999999999998181,-13.186918,False,False,False,False,False,fatha
31,23,26,26,ك,ك,389.2185625,389.2385625,389.2385625,0.01999999999998181,0.01999999999998181,-17.024687,False,False,False,False,False,fatha
31,23,27,27,َ,َ,389.2385625,389.2585625,389.2585625,0.01999999999998181,0.01999999999998181,-14.691606,False,False,False,False,False,damma
31,23,28,28, ,|,389.2585625,389.2985625,389.2785625,0.040000000000020464,0.020000000000038654,-9.476667,False,False,False,False,False,damma
31,23,29,29,ك,ك,389.2985625,389.3185625,389.3185625,0.01999999999998181,0.01999999999998181,-14.527993,False,False,False,False,False,damma
31,23,30,30,ُ,ُ,389.3185625,389.3385625,389.3385625,0.020000000000038654,0.020000000000038654,-7.090816,False,False,False,False,True,sukun
31,23,31,31,ف,ف,389.3385625,389.3585625,389.3585625,0.01999999999998181,0.01999999999998181,-13.647015,False,False,False,False,True,sukun
31,23,32,32,ْ,ْ,389.3585625,389.3785625,389.3785625,0.01999999999998181,0.01999999999998181,-3.630786,False,False,False,False,False,damma
31,23,33,33,ر,ر,389.3785625,389.3985625,389.3985625,0.020000000000038654,0.020000000000038654,-10.525067,False,False,False,False,False,damma
31,23,34,34,ُ,ُ,389.3985625,389.4185625,389.4185625,0.01999999999998181,0.01999999999998181,-6.5188093,False,False,False,True,False,damma
31,23,35,35,ه,ه,389.4185625,389.4385625,389.4385625,0.01999999999998181,0.01999999999998181,-10.268021,False,False,False,True,False,damma
31,23,36,36,ُ,ُ,389.4385625,389.4585625,389.4585625,0.020000000000038654,0.020000000000038654,-9.5594225,False,False,False,True,False,none
31,23,37,38,ٓ,ا,389.4585625,389.4785625,389.4785625,0.01999999999998181,0.01999999999998181,-9.508036,False,False,False,False,False,none
31,23,38,39, ,|,389.4785625,389.5385625,389.4985625,0.060000000000002274,0.01999999999998181,-12.273327,False,False,False,False,False,none
31,23,39,42,إ,إ,389.5385625,389.57856250000003,389.5585625,0.040000000000020464,0.01999999999998181,-14.48383,False,False,False,False,False,kasra
31,23,40,43,ِ,ِ,389.57856250000003,389.5985625,389.5985625,0.01999999999998181,0.01999999999998181,-15.797865,False,False,False,False,False,fatha
31,23,41,44,ل,ل,389.5985625,389.6185625,389.6185625,0.01999999999998181,0.01999999999998181,-9.85398,False,False,False,False,False,fatha
31,23,42,45,َ,َ,389.6185625,389.7185625,389.63856250000003,0.10000000000002274,0.020000000000038654,-11.3880825,False,False,False,False,True,sukun
31,23,43,46,ي,ي,389.7185625,389.7785625,389.7385625,0.060000000000002274,0.01999999999998181,-14.777614,False,False,False,False,True,sukun
31,23,44,47,ْ,ْ,389.7785625,389.7985625,389.7985625,0.01999999999998181,0.01999999999998181,-5.920679,False,False,False,False,False,fatha
31,23,45,48,ن,ن,389.7985625,389.8185625,389.8185625,0.01999999999998181,0.01999999999998181,-12.582045,False,False,False,False,False,fatha
31,23,46,49,َ,َ,389.8185625,389.8385625,389.8385625,0.020000000000038654,0.020000000000038654,-18.324419,False,False,False,False,False,none
31,23,47,50,ا,ا,389.8385625,389.8585625,389.8585625,0.01999999999998181,0.01999999999998181,-11.1632595,False,False,False,False,False,fatha
31,23,48,51, ,|,389.8585625,389.9385625,389.8785625,0.07999999999998408,0.01999999999998181,-0.0004980516,False,False,False,False,False,fatha
31,23,49,52,م,م,389.9385625,389.9985625,389.9585625,0.060000000000002274,0.020000000000038654,-12.25144,False,False,False,False,False,fatha
31,23,50,53,َ,َ,389.9985625,390.01856250000003,390.01856250000003,0.020000000000038654,0.020000000000038654,-0.0018505605,False,False,False,False,True,sukun
31,23,51,54,ر,ر,390.01856250000003,390.0385625,390.0385625,0.01999999999998181,0.01999999999998181,-15.572417,False,False,False,False,True,sukun
31,23,52,55,ْ,ْ,390.0385625,390.07856250000003,390.0585625,0.040000000000020464,0.01999999999998181,-16.60958,False,False,False,False,False,kasra
31,23,53,56,ج,ج,390.07856250000003,390.1585625,390.0985625,0.07999999999998408,0.01999999999998181,-18.80079,False,False,False,False,False,kasra
31,23,54,57,ِ,ِ,390.1585625,390.1785625,390.1785625,0.01999999999998181,0.01999999999998181,-15.945401,False,False,False,False,False,damma
31,23,55,58,ع,ع,390.1785625,390.19856250000004,390.19856250000004,0.020000000000038654,0.020000000000038654,-11.691795,False,False,False,False,False,damma
31,23,56,59,ُ,ُ,390.19856250000004,390.2185625,390.2185625,0.01999999999998181,0.01999999999998181,-11.571437,False,False,False,False,False,damma
31,23,57,60,ه,ه,390.2185625,390.2385625,390.2385625,0.01999999999998181,0.01999999999998181,-15.682025,False,False,False,False,False,damma
31,23,58,61,ُ,ُ,390.2385625,390.2585625,390.2585625,0.01999999999998181,0.01999999999998181,-4.6900105,False,False,False,False,True,sukun
31,23,59,62,م,م,390.2585625,390.2785625,390.2785625,0.020000000000038654,0.020000000000038654,-11.57687,False,False,False,False,True,sukun
31,23,60,63,ْ,ْ,390.2785625,390.2985625,390.2985625,0.01999999999998181,0.01999999999998181,-7.3400226,False,False,False,False,False,fatha
31,23,61,64, ,|,390.2985625,390.3185625,390.3185625,0.01999999999998181,0.01999999999998181,-6.092215,False,False,False,False,False,fatha
31,23,62,65,ف,ف,390.3185625,390.3385625,390.3385625,0.020000000000038654,0.020000000000038654,-18.418367,False,False,False,False,False,fatha
31,23,63,66,َ,َ,390.3385625,390.3585625,390.3585625,0.01999999999998181,0.01999999999998181,-14.851571,False,False,False,False,False,damma
31,23,64,67,ن,ن,390.3585625,390.3785625,390.3785625,0.01999999999998181,0.01999999999998181,-2.0995245,False,False,False,False,False,damma
31,23,65,68,ُ,ُ,390.3785625,390.3985625,390.3985625,0.020000000000038654,0.020000000000038654,-13.834239,False,False,False,False,False,fatha
31,23,66,69,ن,ن,390.3985625,390.4385625,390.4185625,0.03999999999996362,0.01999999999998181,-12.725611,False,False,False,False,False,fatha
31,23,67,70,َ,َ,390.4385625,390.7785625,390.4585625,0.34000000000003183,0.020000000000038654,-7.6648634e-05,False,True,False,False,False,kasra
31,23,68,71,ب,ب,390.7785625,390.7985625,390.7985625,0.01999999999998181,0.01999999999998181,-1.716599e-05,False,True,False,False,False,kasra
31,23,69,72,ّ,ّ,390.7985625,390.8385625,390.8385625,0.040000000000020464,0.040000000000020464,-0.0488809,False,False,False,False,False,kasra
31,23,70,73,ِ,ِ,390.8385625,390.9785625,390.8785625,0.13999999999998636,0.03999999999996362,-0.06131877,False,False,False,False,False,damma
31,23,71,74,ئ,ئ,390.9785625,391.0385625,390.9985625,0.060000000000002274,0.01999999999998181,-2.1677227,False,False,False,False,False,damma
31,23,72,75,ُ,ُ,391.0385625,391.1785625,391.0585625,0.13999999999998636,0.01999999999998181,-0.08173569,False,False,False,False,False,damma
31,23,73,76,ه,ه,391.1785625,391.2585625,391.19856250000004,0.07999999999998408,0.020000000000038654,-0.0010287237,False,False,False,False,False,damma
31,23,74,77,ُ,ُ,391.2585625,391.9585625,391.2785625,0.7000000000000455,0.020000000000038654,-0.024117894,False,False,False,False,False,none
31,23,75,78,م,م,391.9585625,392.1185625,391.9785625,0.15999999999996817,0.01999999999998181,-0.90370166,False,False,False,False,False,kasra
31,23,76,79, ,|,392.1185625,392.19856250000004,392.1585625,0.08000000000004093,0.040000000000020464,-0.05952329,False,False,False,False,False,kasra
31,23,77,80,ب,ب,392.19856250000004,392.2585625,392.2185625,0.05999999999994543,0.01999999999998181,-0.00021288513,False,False,False,False,False,kasra
31,23,78,81,ِ,ِ,392.2585625,392.4185625,392.2785625,0.160000000000025,0.020000000000038654,-0.0002497123,False,False,False,False,False,fatha
31,23,79,82,م,م,392.4185625,392.4785625,392.4385625,0.060000000000002274,0.01999999999998181,-1.8238856e-05,False,False,False,False,False,fatha
31,23,80,83,َ,َ,392.4785625,392.5385625,392.4985625,0.060000000000002274,0.01999999999998181,-0.0033186383,False,False,False,False,False,none
31,23,81,84,ا,ا,392.5385625,392.6185625,392.5585625,0.07999999999998408,0.01999999999998181,-1.239769e-05,False,False,False,False,False,fatha
31,23,82,85, ,|,392.6185625,392.7785625,392.6585625,0.160000000000025,0.040000000000020464,-0.07309627,False,False,False,False,False,fatha
31,23,83,86,ع,ع,392.7785625,392.8385625,392.7985625,0.060000000000002274,0.01999999999998181,-0.018317116,False,False,False,False,False,fatha
31,23,84,87,َ,َ,392.8385625,393.0385625,392.8585625,0.19999999999998863,0.01999999999998181,-1.008564,False,False,False,False,False,kasra
31,23,85,88,م,م,393.0385625,393.1185625,393.0585625,0.07999999999998408,0.01999999999998181,-0.00015317221,False,False,False,False,False,kasra
31,23,86,89,ِ,ِ,393.1185625,393.2385625,393.13856250000003,0.12000000000000455,0.020000000000038654,-0.0020283142,False,False,False,True,False,damma
31,23,87,90,ل,ل,393.2385625,393.2985625,393.2585625,0.060000000000002274,0.01999999999998181,-0.1311233,False,False,False,True,False,damma
31,23,88,91,ُ,ُ,393.2985625,393.3585625,393.3185625,0.060000000000002274,0.01999999999998181,-0.44266605,False,False,False,True,False,none
31,23,89,92,و,و,393.3585625,393.4185625,393.4185625,0.060000000000002274,0.060000000000002274,-0.046689168,False,False,False,True,False,none
31,23,90,93,ٓ,ا,393.4185625,393.4585625,393.4385625,0.040000000000020464,0.01999999999998181,-0.0052425293,False,False,False,False,False,none
31,23,91,94,ا,ا,393.4585625,394.4785625,393.4785625,1.0199999999999818,0.01999999999998181,-5.099869,False,False,False,False,False,none
31,23,92,96, ,|,394.4785625,394.6185625,394.5585625,0.13999999999998636,0.07999999999998408,-0.022132901,False,False,False,False,False,none
31,23,93,99,إ,إ,394.6185625,394.6585625,394.63856250000003,0.040000000000020464,0.020000000000038654,-0.0017632189,False,False,False,False,False,kasra
31,23,94,100,ِ,ِ,394.6585625,395.3785625,394.7185625,0.7199999999999704,0.060000000000002274,-0.23347531,False,True,False,False,False,fatha
31,23,95,101,ن,ن,395.3785625,395.4185625,395.3985625,0.040000000000020464,0.020000000000038654,-2.1815062e-05,False,True,False,False,False,fatha
31,23,96,102,ّ,ّ,395.4185625,395.4585625,395.4385625,0.040000000000020464,0.01999999999998181,-0.014280035,False,False,False,False,False,fatha
31,23,97,103,َ,َ,395.4585625,395.51856250000003,395.4785625,0.060000000000002274,0.01999999999998181,-0.00015996608,False,False,False,False,False,none
31,23,98,104, ,|,395.51856250000003,395.5585625,395.5585625,0.03999999999996362,0.03999999999996362,-0.00084501505,False,False,False,False,False,none
31,23,99,105,ٱ,ا,395.5585625,395.63856250000003,395.6185625,0.08000000000004093,0.060000000000002274,-0.0020172829,False,False,False,False,False,none
31,23,100,106,ل,ل,395.63856250000003,395.8585625,395.69856250000004,0.21999999999997044,0.060000000000002274,-0.031781796,False,True,False,False,False,fatha
31,23,101,107,ل,ل,395.8585625,395.8785625,395.8785625,0.01999999999998181,0.01999999999998181,-0.00069284276,False,True,False,False,False,fatha
31,23,102,108,ّ,ّ,395.8785625,395.9385625,395.9385625,0.060000000000002274,0.060000000000002274,-0.25355366,False,False,False,False,False,fatha
31,23,103,109,َ,َ,395.9385625,396.19856250000004,395.9785625,0.26000000000004775,0.040000000000020464,-0.03545159,False,False,False,False,False,fatha
31,23,104,110,ه,ه,396.19856250000004,396.2585625,396.2185625,0.05999999999994543,0.01999999999998181,-1.394739e-05,False,False,False,False,False,fatha
31,23,105,111,َ,َ,396.2585625,396.3385625,396.2785625,0.08000000000004093,0.020000000000038654,-0.0014153236,False,False,False,False,False,fatha
31,23,106,112, ,|,396.3385625,396.4385625,396.3985625,0.0999999999999659,0.060000000000002274,-0.0014782116,False,False,False,False,False,fatha
31,23,107,113,ع,ع,396.4385625,396.4985625,396.4585625,0.060000000000002274,0.020000000000038654,-1.4318912,False,False,False,False,False,fatha
31,23,108,114,َ,َ,396.4985625,396.6585625,396.5385625,0.160000000000025,0.040000000000020464,-0.014448057,False,False,False,False,False,kasra
31,23,109,115,ل,ل,396.6585625,396.7185625,396.6785625,0.060000000000002274,0.01999999999998181,-3.4331686e-05,False,False,False,False,False,kasra
31,23,110,116,ِ,ِ,396.7185625,396.8185625,396.7385625,0.0999999999999659,0.01999999999998181,-0.0073352773,False,False,False,False,False,tanween
31,23,111,117,ي,ي,396.8185625,397.01856250000003,396.8585625,0.20000000000004547,0.040000000000020464,-0.0021294402,False,False,False,False,False,tanween
31,23,112,118,م,م,397.01856250000003,397.07856250000003,397.0385625,0.060000000000002274,0.01999999999998181,-0.0013249676,False,False,False,False,False,tanween
31,23,113,119,ٌ,ٌ,397.07856250000003,397.8985625,397.0985625,0.8199999999999932,0.01999999999998181,-1.1167051,False,False,False,False,False,none
31,23,114,121, ,|,397.8985625,397.9985625,397.9385625,0.0999999999999659,0.03999999999996362,-0.037640776,False,False,False,False,False,kasra
31,23,115,122,ب,ب,397.9985625,398.0585625,398.01856250000003,0.060000000000002274,0.020000000000038654,-1.9430925e-05,False,False,False,False,False,kasra
31,23,116,123,ِ,ِ,398.0585625,398.19856250000004,398.07856250000003,0.1400000000000432,0.020000000000038654,-0.000593367,False,False,False,False,False,fatha
31,23,117,124,ذ,ذ,398.19856250000004,398.2785625,398.2185625,0.07999999999998408,0.01999999999998181,-4.9709037e-05,False,False,False,False,False,fatha
31,23,118,125,َ,َ,398.2785625,398.3385625,398.2985625,0.060000000000002274,0.01999999999998181,-0.0032965385,False,False,False,False,False,kasra
31,23,119,126,ا,ا,398.3385625,398.63856250000003,398.3585625,0.30000000000001137,0.01999999999998181,-3.981511e-05,False,False,False,False,False,kasra
31,23,120,127,ت,ت,398.63856250000003,400.6585625,398.6585625,2.019999999999982,0.01999999999998181,-0.016794365,False,False,False,False,False,kasra
31,23,121,128,ِ,ِ,401.7985625,402.4585625,401.8185625,0.660000000000025,0.01999999999998181,-0.03177165,False,False,False,False,False,none
31,23,122,129, ,|,402.4585625,403.25856250000004,402.4985625,0.8000000000000114,0.03999999999996362,-0.0004369885,False,False,False,False,False,none
31,23,123,130,ٱ,ا,403.25856250000004,404.07856250000003,403.3185625,0.8199999999999932,0.05999999999994543,-0.0018728349,False,False,False,False,False,none
31,23,124,131,ل,ل,404.07856250000003,404.2185625,404.0985625,0.13999999999998636,0.01999999999998181,-11.980955,False,True,False,False,False,damma
31,23,125,132,ص,ص,404.2185625,404.9785625,404.2385625,0.7599999999999909,0.01999999999998181,-7.164954,True,True,False,False,False,damma
31,23,126,133,ّ,ّ,404.9785625,405.25856250000004,405.0385625,0.28000000000002956,0.060000000000002274,-0.011619311,False,False,False,False,False,damma
31,23,127,134,ُ,ُ,405.25856250000004,405.63856250000003,405.2785625,0.37999999999999545,0.01999999999998181,-8.758359,False,False,False,False,False,damma
31,23,128,135,د,د,405.63856250000003,406.3385625,405.6585625,0.6999999999999886,0.01999999999998181,-10.573517,False,False,False,False,False,damma
31,23,129,136,ُ,ُ,406.3385625,406.6585625,406.3585625,0.3199999999999932,0.01999999999998181,-0.0026366492,False,False,False,False,False,kasra
31,23,130,137,و,و,406.6585625,406.7185625,406.6785625,0.060000000000002274,0.01999999999998181,-13.48685,False,False,False,False,False,kasra
31,23,131,138,ر,ر,406.7185625,406.75856250000004,406.7385625,0.040000000000020464,0.01999999999998181,-16.992476,False,False,False,False,False,kasra
31,23,132,139,ِ,ِ,406.75856250000004,406.9975,406.8185625,0.23893749999996317,0.05999999999994543,-0.023611203,False,False,False,False,False,none
31,24,0,0,ن,ن,406.7974375,406.8174375,406.8174375,0.01999999999998181,0.01999999999998181,-13.447687,False,False,False,False,False,damma
31,24,1,1,ُ,ُ,406.8174375,406.9174375,406.8374375,0.10000000000002274,0.020000000000038654,-14.553597,False,False,False,False,False,fatha
31,24,2,2,م,م,406.9174375,406.9974375,406.9374375,0.07999999999998408,0.01999999999998181,-13.9775505,False,False,False,False,False,fatha
31,24,3,3,َ,َ,406.9974375,407.0574375,407.0174375,0.060000000000002274,0.020000000000038654,-6.513208,False,True,False,False,False,kasra
31,24,4,4,ت,ت,407.0574375,407.1974375,407.0774375,0.13999999999998636,0.01999999999998181,-16.86676,False,True,False,False,False,kasra
31,24,5,5,ّ,ّ,407.1974375,407.2174375,407.2174375,0.020000000000038654,0.020000000000038654,-14.819389,False,False,False,False,False,kasra
31,24,6,6,ِ,ِ,407.2174375,407.3374375,407.2374375,0.12000000000000455,0.01999999999998181,-18.286034,False,False,False,False,False,damma
31,24,7,7,ع,ع,407.3374375,407.3974375,407.3574375,0.060000000000002274,0.01999999999998181,-0.11845049,False,False,False,False,False,damma
31,24,8,8,ُ,ُ,407.3974375,407.5574375,407.4174375,0.15999999999996817,0.01999999999998181,-11.50279,False,False,False,False,False,damma
31,24,9,9,ه,ه,407.5574375,407.6974375,407.5774375,0.13999999999998636,0.01999999999998181,-11.05329,False,False,False,False,False,damma
31,24,10,10,ُ,ُ,407.6974375,407.9574375,407.7174375,0.26000000000004775,0.020000000000038654,-17.39847,False,False,False,False,True,sukun
31,24,11,11,م,م,407.9574375,408.0174375,407.9774375,0.060000000000002274,0.01999999999998181,-7.2680798,False,False,False,False,True,sukun
31,24,12,12,ْ,ْ,408.0174375,408.2374375,408.0374375,0.21999999999997044,0.01999999999998181,-10.277586,False,False,False,False,False,fatha
31,24,13,13, ,|,408.2374375,408.3574375,408.2774375,0.12000000000000455,0.040000000000020464,-0.08194249,False,False,False,False,False,fatha
31,24,14,14,ق,ق,408.3574375,408.4374375,408.3774375,0.07999999999998408,0.01999999999998181,-10.3879385,True,False,False,False,False,fatha
31,24,15,15,َ,َ,408.4374375,408.5774375,408.4574375,0.13999999999998636,0.020000000000038654,-0.00086306036,False,False,False,False,False,kasra
31,24,16,16,ل,ل,408.5774375,408.6374375,408.5974375,0.060000000000002274,0.020000000000038654,-0.00012003655,False,False,False,False,False,kasra
31,24,17,17,ِ,ِ,408.6374375,408.7374375,408.6574375,0.10000000000002274,0.020000000000038654,-4.2487645,False,False,False,False,False,tanween
31,24,18,18,ي,ي,408.7374375,409.1374375,408.7574375,0.39999999999997726,0.01999999999998181,-0.0011175585,False,False,False,False,False,tanween
31,24,19,19,ل,ل,409.1374375,409.2174375,409.1574375,0.08000000000004093,0.020000000000038654,-1.2107089,False,False,False,False,False,tanween
31,24,20,20,ً,ً,409.2174375,410.2374375,409.2374375,1.0199999999999818,0.01999999999998181,-13.828831,False,False,False,False,False,none
31,24,21,22,ا,ا,410.2374375,410.2574375,410.2574375,0.01999999999998181,0.01999999999998181,-13.858357,False,False,False,False,False,damma
31,24,22,23, ,|,410.2574375,410.3774375,410.3174375,0.12000000000000455,0.060000000000002274,-0.0063342457,False,False,False,False,False,damma
31,24,23,24,ث,ث,410.3774375,410.4374375,410.3974375,0.060000000000002274,0.020000000000038654,-18.140692,False,False,False,False,False,damma
31,24,24,25,ُ,ُ,410.4374375,410.5774375,410.4574375,0.13999999999998636,0.020000000000038654,-11.185555,False,True,False,False,False,fatha
31,24,25,26,م,م,410.5774375,410.6174375,410.5974375,0.040000000000020464,0.020000000000038654,-13.003922,False,True,False,False,False,fatha
31,24,26,27,ّ,ّ,410.6174375,410.6374375,410.6374375,0.01999999999998181,0.01999999999998181,-12.223333,False,False,False,False,False,fatha
31,24,27,28,َ,َ,410.6374375,410.7974375,410.6574375,0.160000000000025,0.020000000000038654,-0.47315332,False,False,False,False,False,fatha
31,24,28,29, ,|,410.7974375,411.3374375,410.8174375,0.5400000000000205,0.01999999999998181,-14.621551,False,False,False,False,False,fatha
31,24,29,30,ن,ن,411.3374375,411.6574375,411.3574375,0.3199999999999932,0.01999999999998181,-0.043725338,False,False,False,False,False,fatha
31,24,30,31,َ,َ,411.6574375,411.7174375,411.6774375,0.060000000000002274,0.01999999999998181,-0.0016082699,False,False,False,False,True,sukun
31,24,31,32,ض,ض,411.7174375,411.7774375,411.7374375,0.060000000000002274,0.01999999999998181,-15.138074,True,False,False,False,True,sukun
31,24,32,33,ْ,ْ,411.7774375,411.8174375,411.7974375,0.03999999999996362,0.01999999999998181,-16.699308,False,False,False,False,False,fatha
31,24,33,34,ط,ط,411.8174375,411.8974375,411.8374375,0.08000000000004093,0.020000000000038654,-14.414452,True,False,False,False,False,fatha
31,24,34,35,َ,َ,411.8974375,412.0374375,411.9174375,0.13999999999998636,0.01999999999998181,-0.023080628,False,True,False,False,False,damma
31,24,35,36,ر,ر,412.0374375,412.2374375,412.0574375,0.19999999999998863,0.01999999999998181,-13.270541,False,True,False,False,False,damma
31,24,36,37,ّ,ّ,412.2374375,412.2974375,412.2574375,0.060000000000002274,0.01999999999998181,-15.476639,False,False,False,False,False,damma
31,24,37,38,ُ,ُ,412.2974375,412.4374375,412.3174375,0.13999999999998636,0.01999999999998181,-13.549528,False,False,False,False,False,damma
31,24,38,39,ه,ه,412.4374375,412.4974375,412.4574375,0.060000000000002274,0.020000000000038654,-9.715085e-05,False,False,False,False,False,damma
31,24,39,40,ُ,ُ,412.4974375,413.2574375,412.5174375,0.7599999999999909,0.020000000000038654,-0.0032398612,False,False,False,False,True,sukun
31,24,40,41,م,م,413.2574375,413.5374375,413.2774375,0.28000000000002956,0.020000000000038654,-1.633154e-05,False,False,False,False,True,sukun
31,24,41,42,ْ,ْ,413.5374375,413.5574375,413.5574375,0.01999999999998181,0.01999999999998181,-1.8903084,False,False,False,False,False,kasra
31,24,42,43, ,|,413.5574375,413.6774375,413.6174375,0.12000000000000455,0.060000000000002274,-0.21742134,False,False,False,False,False,kasra
31,24,43,44,إ,إ,413.6774375,413.7574375,413.6974375,0.07999999999998408,0.01999999999998181,-16.476976,False,False,False,False,False,kasra
31,24,44,45,ِ,ِ,413.7574375,413.8774375,413.7774375,0.12000000000000455,0.020000000000038654,-12.458155,False,False,True,False,False,fatha
31,24,45,46,ل,ل,413.8774375,413.9374375,413.8974375,0.060000000000002274,0.020000000000038654,-8.70224e-06,False,False,True,False,False,fatha
31,24,46,47,َ,َ,413.9374375,414.1374375,413.9574375,0.19999999999998863,0.020000000000038654,-0.18920809,False,False,True,False,False,none
31,24,47,48,ى,ى,414.1374375,414.1974375,414.1574375,0.060000000000002274,0.020000000000038654,-15.092909,False,False,True,False,False,none
31,24,48,49,ٰ,ا,414.1974375,414.2574375,414.2174375,0.060000000000002274,0.020000000000038654,-14.584437,False,False,False,False,False,fatha
31,24,49,50, ,|,414.2574375,414.5374375,414.3174375,0.28000000000002956,0.060000000000002274,-0.8633836,False,False,False,False,False,fatha
31,24,50,51,ع,ع,414.5374375,414.5774375,414.5574375,0.03999999999996362,0.01999999999998181,-16.94731,False,False,False,False,False,fatha
31,24,51,52,َ,َ,414.5774375,414.5974375,414.5974375,0.020000000000038654,0.020000000000038654,-9.483097,False,False,False,False,False,fatha
31,24,52,53,ذ,ذ,414.5974375,414.6374375,414.6174375,0.03999999999996362,0.01999999999998181,-18.515646,False,False,False,False,False,fatha
31,24,53,54,َ,َ,414.6374375,414.7774375,414.6574375,0.1400000000000432,0.020000000000038654,-0.0004430028,False,False,False,False,False,tanween
31,24,54,55,ا,ا,414.7774375,414.9374375,414.7974375,0.15999999999996817,0.01999999999998181,-14.957287,False,False,False,False,False,tanween
31,24,55,56,ب,ب,414.9374375,415.0974375,414.9574375,0.160000000000025,0.020000000000038654,-17.169987,False,False,False,False,False,tanween
31,24,56,57,ٍ,ٍ,415.0974375,415.1174375,415.1174375,0.01999999999998181,0.01999999999998181,-20.357376,False,False,False,False,False,fatha
31,24,57,58, ,|,415.1174375,415.1974375,415.1374375,0.07999999999998408,0.01999999999998181,-5.488519,False,False,False,False,False,fatha
31,24,58,59,غ,غ,415.1974375,415.3574375,415.2174375,0.160000000000025,0.020000000000038654,-10.812543,False,False,False,False,False,fatha
31,24,59,60,َ,َ,415.3574375,415.6174375,415.3774375,0.2599999999999909,0.01999999999998181,-16.698277,False,False,False,False,False,kasra
31,24,60,61,ل,ل,415.6174375,415.6974375,415.6374375,0.07999999999998408,0.01999999999998181,-13.320116,False,False,False,False,False,kasra
31,24,61,62,ِ,ِ,415.6974375,415.7974375,415.7174375,0.10000000000002274,0.020000000000038654,-0.09357268,False,False,False,False,False,tanween
31,24,62,63,ي,ي,415.7974375,415.8774375,415.8174375,0.07999999999998408,0.01999999999998181,-10.729919,False,False,False,False,False,tanween
31,24,63,64,ظ,ظ,415.8774375,415.9374375,415.8974375,0.060000000000002274,0.020000000000038654,-13.95178,True,False,False,False,False,tanween
31,24,64,65,ٍ,ٍ,415.9374375,415.9741875,415.9574375,0.03675000000004047,0.020000000000038654,-16.560211,False,False,False,False,False,none
31,25,0,0,و,و,415.8741875,415.9341875,415.8941875,0.060000000000002274,0.01999999999998181,-0.00010144196,False,False,False,False,False,fatha
31,25,1,1,َ,َ,415.9341875,416.1541875,415.9541875,0.21999999999997044,0.01999999999998181,-2.7606556,False,False,False,False,False,fatha
31,25,2,2,ل,ل,416.1541875,416.3341875,416.1941875,0.18000000000000682,0.040000000000020464,-0.00034734394,False,False,False,False,False,fatha
31,25,3,3,َ,َ,416.3341875,416.4341875,416.3741875,0.10000000000002274,0.040000000000020464,-0.013425664,False,False,False,False,False,kasra
31,25,4,4,ئ,ئ,416.4341875,416.67418749999996,416.4541875,0.23999999999995225,0.01999999999998181,-15.861501,False,False,False,False,False,kasra
31,25,5,5,ِ,ِ,416.67418749999996,416.7741875,416.6941875,0.10000000000002274,0.020000000000038654,-13.964742,False,False,False,False,False,none
31,25,6,6,ن,ن,416.7741875,416.8341875,416.79418749999996,0.060000000000002274,0.01999999999998181,-11.770428,False,False,False,False,False,fatha
31,25,7,7, ,|,416.8341875,416.91418749999997,416.8941875,0.07999999999998408,0.060000000000002274,-0.105643004,False,False,False,False,False,fatha
31,25,8,8,س,س,416.91418749999997,416.9541875,416.9341875,0.040000000000020464,0.020000000000038654,-15.596733,False,False,False,False,False,fatha
31,25,9,9,َ,َ,416.9541875,417.11418749999996,416.9941875,0.15999999999996817,0.040000000000020464,-0.04307629,False,False,False,False,False,fatha
31,25,10,10,أ,أ,417.11418749999996,417.1541875,417.1341875,0.040000000000020464,0.020000000000038654,-14.273451,False,False,False,False,False,fatha
31,25,11,11,َ,َ,417.1541875,417.35418749999997,417.1941875,0.19999999999998863,0.040000000000020464,-0.052288882,False,False,False,False,True,sukun
31,25,12,12,ل,ل,417.35418749999997,417.4341875,417.3741875,0.08000000000004093,0.020000000000038654,-16.584053,False,False,False,False,True,sukun
31,25,13,13,ْ,ْ,417.4341875,417.4541875,417.4541875,0.01999999999998181,0.01999999999998181,-13.290076,False,False,False,False,False,fatha
31,25,14,14,ت,ت,417.4541875,417.5341875,417.47418749999997,0.07999999999998408,0.01999999999998181,-15.409464,False,False,False,False,False,fatha
31,25,15,15,َ,َ,417.5341875,417.7141875,417.55418749999995,0.18000000000000682,0.01999999999998181,-16.643593,False,False,False,False,False,damma
31,25,16,16,ه,ه,417.7141875,417.7741875,417.73418749999996,0.060000000000002274,0.01999999999998181,-14.089654,False,False,False,False,False,damma
31,25,17,17,ُ,ُ,417.7741875,418.55418749999995,417.79418749999996,0.7799999999999727,0.01999999999998181,-0.007343798,False,False,False,False,False,none
31,25,18,18,م,م,418.55418749999995,418.7141875,418.5741875,0.160000000000025,0.020000000000038654,-10.141604,False,False,False,False,False,none
31,25,19,19, ,|,418.7141875,419.05418749999995,418.7541875,0.339999999999975,0.040000000000020464,-0.073479906,False,True,False,False,False,fatha
31,25,20,20,م,م,419.05418749999995,419.0941875,419.0741875,0.040000000000020464,0.020000000000038654,-6.151766,False,True,False,False,False,fatha
31,25,21,21,ّ,ّ,419.0941875,419.1341875,419.11418749999996,0.040000000000020464,0.01999999999998181,-0.5801025,False,False,False,False,False,fatha
31,25,22,22,َ,َ,419.1341875,419.5141875,419.1541875,0.37999999999999545,0.01999999999998181,-3.0147865,False,False,False,False,True,sukun
31,25,23,23,ن,ن,419.5141875,419.5941875,419.5341875,0.07999999999998408,0.01999999999998181,-13.607957,False,False,False,False,True,sukun
31,25,24,24,ْ,ْ,419.5941875,420.29418749999996,419.61418749999996,0.6999999999999886,0.01999999999998181,-7.456775,False,False,False,False,False,fatha
31,25,25,25, ,|,420.29418749999996,420.41418749999997,420.3341875,0.12000000000000455,0.040000000000020464,-0.026962405,False,False,False,False,False,fatha
31,25,26,26,خ,خ,420.41418749999997,420.47418749999997,420.4341875,0.060000000000002274,0.020000000000038654,-12.732473,False,False,False,False,False,fatha
31,25,27,27,َ,َ,420.47418749999997,420.61418749999996,420.4941875,0.13999999999998636,0.020000000000038654,-10.85886,False,False,False,False,False,fatha
31,25,28,28,ل,ل,420.61418749999996,420.6541875,420.6341875,0.040000000000020464,0.020000000000038654,-9.298281e-06,False,False,False,False,False,fatha
31,25,29,29,َ,َ,420.6541875,420.67418749999996,420.67418749999996,0.01999999999998181,0.01999999999998181,-11.798347,False,False,False,False,False,fatha
31,25,30,30,ق,ق,420.67418749999996,420.6941875,420.6941875,0.020000000000038654,0.020000000000038654,-15.969151,True,False,False,False,False,fatha
31,25,31,31,َ,َ,420.6941875,420.7141875,420.7141875,0.01999999999998181,0.01999999999998181,-16.334312,False,False,False,False,False,none
31,25,32,32, ,|,420.7141875,420.7741875,420.7741875,0.060000000000002274,0.060000000000002274,-0.14302321,False,False,False,False,False,none
31,25,33,33,ٱ,ا,420.7741875,420.8741875,420.79418749999996,0.10000000000002274,0.01999999999998181,-0.857202,False,False,False,False,False,none
31,25,34,34,ل,ل,420.8741875,421.0341875,420.91418749999997,0.15999999999996817,0.03999999999996362,-0.0004954318,False,True,False,False,False,fatha
31,25,35,35,س,س,421.0341875,421.0741875,421.05418749999995,0.040000000000020464,0.01999999999998181,-14.392536,False,True,False,False,False,fatha
31,25,36,36,ّ,ّ,421.0741875,421.0941875,421.0941875,0.01999999999998181,0.01999999999998181,-14.229839,False,False,False,False,False,fatha
31,25,37,37,َ,َ,421.0941875,421.2541875,421.11418749999996,0.160000000000025,0.01999999999998181,-0.0113219395,False,False,True,False,False,fatha
31,25,38,38,م,م,421.2541875,421.47418749999997,421.2741875,0.21999999999997044,0.01999999999998181,-0.00010096517,False,False,True,False,False,fatha
31,25,39,39,َ,َ,421.47418749999997,421.6541875,421.4941875,0.18000000000000682,0.020000000000038654,-14.478202,False,False,True,False,False,none
31,25,40,41,ٰ,ا,421.6541875,421.6941875,421.67418749999996,0.040000000000020464,0.01999999999998181,-15.53056,False,False,True,False,False,fatha
31,25,41,42,و,و,421.6941875,421.7541875,421.7141875,0.060000000000002274,0.01999999999998181,-17.103525,False,False,True,False,False,fatha
31,25,42,43,َ,َ,421.7541875,422.11418749999996,421.7741875,0.3599999999999568,0.01999999999998181,-12.242416,False,False,True,False,False,kasra
31,25,43,44,ٰ,ا,422.11418749999996,422.5341875,422.1341875,0.4200000000000159,0.020000000000038654,-14.030788,False,False,False,False,False,kasra
31,25,44,45,ت,ت,422.5341875,422.6341875,422.55418749999995,0.10000000000002274,0.01999999999998181,-15.624061,False,False,False,False,False,kasra
31,25,45,46,ِ,ِ,422.6341875,423.1541875,422.6541875,0.5199999999999818,0.01999999999998181,-0.011079458,False,False,False,False,False,fatha
31,25,46,47, ,|,423.1541875,423.2541875,423.2141875,0.10000000000002274,0.060000000000002274,-0.009616361,False,False,False,False,False,fatha
31,25,47,48,و,و,423.2541875,423.3141875,423.2741875,0.060000000000002274,0.01999999999998181,-16.228527,False,False,False,False,False,fatha
31,25,48,49,َ,َ,423.3141875,423.3341875,423.3341875,0.01999999999998181,0.01999999999998181,-0.00015066919,False,False,False,False,False,sukun
31,25,49,50,ٱ,ا,423.3341875,423.4541875,423.35418749999997,0.12000000000000455,0.01999999999998181,-16.119345,False,False,False,False,True,sukun
31,25,50,51,ل,ل,423.4541875,423.61418749999996,423.47418749999997,0.15999999999996817,0.01999999999998181,-6.4372807e-06,False,False,False,False,True,sukun
31,25,51,52,ْ,ْ,423.61418749999996,423.6941875,423.6541875,0.08000000000004093,0.040000000000020464,-5.5117974,False,False,False,False,False,fatha
31,25,52,53,أ,أ,423.6941875,423.73418749999996,423.7141875,0.03999999999996362,0.01999999999998181,-1.239769e-05,False,False,False,False,False,fatha
31,25,53,54,َ,َ,423.73418749999996,424.29418749999996,423.7741875,0.5600000000000023,0.040000000000020464,-0.014594612,False,False,False,False,True,sukun
31,25,54,55,ر,ر,424.29418749999996,424.35418749999997,424.3141875,0.060000000000002274,0.020000000000038654,-0.00018463815,False,False,False,False,True,sukun
31,25,55,56,ْ,ْ,424.35418749999997,424.5341875,424.3741875,0.18000000000000682,0.020000000000038654,-0.40439275,False,False,False,False,False,fatha
31,25,56,57,ض,ض,424.5341875,424.61418749999996,424.55418749999995,0.07999999999998408,0.01999999999998181,-15.867358,True,False,False,False,False,fatha
31,25,57,58,َ,َ,424.61418749999996,424.8341875,424.6341875,0.22000000000002728,0.020000000000038654,-12.427276,False,False,False,False,False,fatha
31,25,58,59, ,|,424.8341875,424.9341875,424.8941875,0.10000000000002274,0.060000000000002274,-0.025918225,False,False,False,False,False,fatha
31,25,59,60,ل,ل,424.9341875,425.05418749999995,424.9541875,0.1199999999999477,0.01999999999998181,-3.218599e-05,False,False,False,False,False,fatha
31,25,60,61,َ,َ,425.05418749999995,425.3141875,425.0741875,0.26000000000004775,0.020000000000038654,-8.480745,False,False,False,False,False,fatha
31,25,61,62,ي,ي,425.3141875,425.3741875,425.3341875,0.060000000000002274,0.01999999999998181,-0.0006454292,False,False,False,False,False,fatha
31,25,62,63,َ,َ,425.3741875,425.4941875,425.3941875,0.12000000000000455,0.01999999999998181,-0.17237504,False,False,False,False,False,damma
31,25,63,64,ق,ق,425.4941875,425.5341875,425.5141875,0.03999999999996362,0.01999999999998181,-12.434828,True,False,False,False,False,damma
31,25,64,65,ُ,ُ,425.5341875,425.55418749999995,425.55418749999995,0.01999999999998181,0.01999999999998181,-13.217974,False,False,False,False,False,damma
31,25,65,66,و,و,425.55418749999995,425.7541875,425.5741875,0.20000000000004547,0.020000000000038654,-16.02177,False,False,False,False,False,damma
31,25,66,67,ل,ل,425.7541875,426.0941875,425.7741875,0.339999999999975,0.01999999999998181,-4.5894525e-05,False,False,False,False,False,damma
31,25,67,68,ُ,ُ,426.0941875,426.4941875,426.11418749999996,0.4000000000000341,0.01999999999998181,-0.052758828,False,True,False,False,False,fatha
31,25,68,69,ن,ن,426.4941875,426.5141875,426.5141875,0.01999999999998181,0.01999999999998181,-4.9866147,False,True,False,False,False,fatha
31,25,69,70,ّ,ّ,426.5141875,426.5341875,426.5341875,0.01999999999998181,0.01999999999998181,-13.556492,False,False,False,False,False,fatha
31,25,70,71,َ,َ,426.5341875,427.3941875,426.55418749999995,0.8600000000000136,0.01999999999998181,-4.356888,False,False,False,False,False,none
31,25,71,72, ,|,427.3941875,427.4341875,427.4341875,0.040000000000020464,0.040000000000020464,-0.0024843675,False,False,False,False,False,none
31,25,72,73,ٱ,ا,427.4341875,427.5141875,427.4541875,0.07999999999998408,0.01999999999998181,-13.163216,False,False,False,False,False,none
31,25,73,74,ل,ل,427.5141875,427.91418749999997,427.5341875,0.39999999999997726,0.01999999999998181,-0.00017784444,False,True,False,False,False,fatha
31,25,74,75,ل,ل,427.91418749999997,427.9541875,427.9341875,0.040000000000020464,0.020000000000038654,-1.03711545e-05,False,True,False,False,False,fatha
31,25,75,76,ّ,ّ,427.9541875,427.9941875,427.97418749999997,0.040000000000020464,0.01999999999998181,-0.09878463,False,False,False,False,False,fatha
31,25,76,77,َ,َ,427.9941875,428.2741875,428.0141875,0.2799999999999727,0.01999999999998181,-0.42339516,False,False,False,False,False,damma
31,25,77,78,ه,ه,428.2741875,428.3341875,428.29418749999996,0.060000000000002274,0.01999999999998181,-6.8781395e-05,False,False,False,False,False,damma
31,25,78,79,ُ,ُ,428.3341875,428.4341875,428.35418749999997,0.10000000000002274,0.01999999999998181,-13.940193,False,False,False,False,False,none
31,25,79,80, ,|,428.4341875,428.5341875,428.47418749999997,0.0999999999999659,0.03999999999996362,-0.0064454623,False,False,False,False,False,none
31,25,80,83,ق,ق,428.5341875,428.85418749999997,428.5541875,0.3199999999999932,0.020000000000038654,-15.141631,True,False,False,False,False,damma
31,25,81,84,ُ,ُ,428.85418749999997,428.9541875,428.8741875,0.10000000000002274,0.020000000000038654,-14.564998,False,False,False,False,False,kasra
31,25,82,85,ل,ل,428.9541875,428.9941875,428.97418749999997,0.040000000000020464,0.01999999999998181,-10.750593,False,False,False,False,False,kasra
31,25,83,86,ِ,ِ,428.9941875,429.0741875,429.0141875,0.07999999999998408,0.01999999999998181,-0.067526,False,False,False,False,False,none
31,25,84,87, ,|,429.0741875,429.1341875,429.1341875,0.060000000000002274,0.060000000000002274,-0.10635976,False,False,False,False,False,sukun
31,25,85,88,ٱ,ا,429.1341875,429.17418749999996,429.1541875,0.03999999999996362,0.01999999999998181,-0.001003477,False,False,False,False,True,sukun
31,25,86,89,ل,ل,429.17418749999996,429.3341875,429.2141875,0.160000000000025,0.040000000000020464,-0.00037650703,False,False,False,False,True,sukun
31,25,87,90,ْ,ْ,429.3341875,429.35418749999997,429.35418749999997,0.01999999999998181,0.01999999999998181,-13.085048,False,False,False,False,False,fatha
31,25,88,91,ح,ح,429.35418749999997,429.3741875,429.3741875,0.020000000000038654,0.020000000000038654,-16.653336,False,False,False,False,False,fatha
31,25,89,92,َ,َ,429.3741875,429.5741875,429.4541875,0.19999999999998863,0.07999999999998408,-1.9224684,False,False,False,False,True,sukun
31,25,90,93,م,م,429.5741875,429.7141875,429.5941875,0.13999999999998636,0.01999999999998181,-7.986991e-06,False,False,False,False,True,sukun
31,25,91,94,ْ,ْ,429.7141875,430.4341875,429.73418749999996,0.7200000000000273,0.01999999999998181,-17.558603,False,False,False,False,False,damma
31,25,92,95,د,د,430.4341875,430.5141875,430.4541875,0.07999999999998408,0.01999999999998181,-11.566457,False,False,False,False,False,damma
31,25,93,96,ُ,ُ,430.5141875,430.5941875,430.5341875,0.07999999999998408,0.01999999999998181,-10.673424,False,False,False,False,False,kasra
31,25,94,97, ,|,430.5941875,430.6941875,430.6541875,0.10000000000002274,0.060000000000002274,-0.012280091,False,False,False,False,False,kasra
31,25,95,98,ل,ل,430.6941875,430.8741875,430.7141875,0.18000000000000682,0.01999999999998181,-15.916032,False,False,False,False,False,kasra
31,25,96,99,ِ,ِ,430.8741875,430.97418749999997,430.8941875,0.0999999999999659,0.01999999999998181,-14.658844,False,True,False,False,False,fatha
31,25,97,100,ل,ل,430.97418749999997,431.1341875,431.0141875,0.160000000000025,0.040000000000020464,-0.00090376457,False,True,False,False,False,fatha
31,25,98,101,ّ,ّ,431.1341875,431.1941875,431.1541875,0.060000000000002274,0.01999999999998181,-17.507835,False,False,False,False,False,fatha
31,25,99,102,َ,َ,431.1941875,431.29418749999996,431.2141875,0.0999999999999659,0.01999999999998181,-0.011153964,False,False,False,False,False,kasra
31,25,100,103,ه,ه,431.29418749999996,431.5341875,431.3141875,0.2400000000000091,0.020000000000038654,-12.995836,False,False,False,False,False,kasra
31,25,101,104,ِ,ِ,431.5341875,432.0941875,431.5541875,0.5600000000000023,0.020000000000038654,-9.574847,False,False,False,False,False,none
31,25,102,105, ,|,432.0941875,432.2141875,432.1541875,0.12000000000000455,0.060000000000002274,-0.013421677,False,False,False,False,False,none
31,25,103,108,ب,ب,432.2141875,432.2741875,432.23418749999996,0.060000000000002274,0.01999999999998181,-14.253082,False,False,False,False,False,fatha
31,25,104,109,َ,َ,432.2741875,432.97418749999997,432.29418749999996,0.6999999999999886,0.01999999999998181,-13.314206,False,False,False,False,True,sukun
31,25,105,110,ل,ل,432.97418749999997,433.0541875,432.99418749999995,0.08000000000004093,0.01999999999998181,-13.184624,False,False,False,False,True,sukun
31,25,106,111,ْ,ْ,433.0541875,433.11418749999996,433.0741875,0.05999999999994543,0.01999999999998181,-13.39422,False,False,False,False,False,fatha
31,25,107,112, ,|,433.11418749999996,433.17418749999996,433.17418749999996,0.060000000000002274,0.060000000000002274,-0.0139280185,False,False,False,False,False,fatha
31,25,108,113,أ,أ,433.17418749999996,433.23418749999996,433.1941875,0.060000000000002274,0.020000000000038654,-16.236473,False,False,False,False,False,fatha
31,25,109,114,َ,َ,433.23418749999996,433.2541875,433.2541875,0.020000000000038654,0.020000000000038654,-13.814394,False,False,False,False,True,sukun
31,25,110,115,ك,ك,433.2541875,433.2741875,433.2741875,0.01999999999998181,0.01999999999998181,-16.80305,False,False,False,False,True,sukun
31,25,111,116,ْ,ْ,433.2741875,433.4541875,433.29418749999996,0.18000000000000682,0.01999999999998181,-12.383091,False,False,False,False,False,fatha
31,25,112,117,ث,ث,433.4541875,433.5341875,433.47418749999997,0.07999999999998408,0.01999999999998181,-16.774017,False,False,False,False,False,fatha
31,25,113,118,َ,َ,433.5341875,433.8141875,433.5541875,0.28000000000002956,0.020000000000038654,-0.1336421,False,False,False,False,False,damma
31,25,114,119,ر,ر,433.8141875,433.8741875,433.8341875,0.060000000000002274,0.01999999999998181,-15.120126,False,False,False,False,False,damma
31,25,115,120,ُ,ُ,433.8741875,434.0541875,433.8941875,0.18000000000000682,0.01999999999998181,-7.1657805,False,False,False,False,False,damma
31,25,116,121,ه,ه,434.0541875,434.11418749999996,434.0741875,0.05999999999994543,0.01999999999998181,-4.911302e-05,False,False,False,False,False,damma
31,25,117,122,ُ,ُ,434.11418749999996,434.1341875,434.1341875,0.020000000000038654,0.020000000000038654,-0.008481908,False,False,False,False,True,sukun
31,25,118,123,م,م,434.1341875,434.23418749999996,434.1541875,0.0999999999999659,0.01999999999998181,-14.6742935,False,False,False,False,True,sukun
31,25,119,124,ْ,ْ,434.23418749999996,434.2541875,434.2541875,0.020000000000038654,0.020000000000038654,-15.391843,False,False,False,False,False,fatha
31,25,120,125, ,|,434.2541875,434.2741875,434.2741875,0.01999999999998181,0.01999999999998181,-5.859771,False,False,False,False,False,fatha
31,25,121,126,ل,ل,434.2741875,434.3341875,434.29418749999996,0.060000000000002274,0.01999999999998181,-14.305423,False,False,False,False,False,fatha
31,25,122,127,َ,َ,434.3341875,434.3941875,434.35418749999997,0.060000000000002274,0.01999999999998181,-0.094223075,False,False,False,False,False,none
31,25,123,128,ا,ا,434.3941875,434.41418749999997,434.41418749999997,0.01999999999998181,0.01999999999998181,-8.894836,False,False,False,False,False,fatha
31,25,124,129, ,|,434.41418749999997,434.4341875,434.4341875,0.020000000000038654,0.020000000000038654,-0.2748372,False,False,False,False,False,fatha
31,25,125,130,ي,ي,434.4341875,434.4541875,434.4541875,0.01999999999998181,0.01999999999998181,-10.899768,False,False,False,False,False,fatha
31,25,126,131,َ,َ,434.4541875,434.5141875,434.47418749999997,0.060000000000002274,0.01999999999998181,-13.230517,False,False,False,False,True,sukun
31,25,127,132,ع,ع,434.5141875,434.5741875,434.5341875,0.060000000000002274,0.01999999999998181,-13.545226,False,False,False,False,True,sukun
31,25,128,133,ْ,ْ,434.5741875,434.67418749999996,434.5941875,0.0999999999999659,0.01999999999998181,-0.60566616,False,False,False,False,False,fatha
31,25,129,134,ل,ل,434.67418749999996,434.7541875,434.6941875,0.08000000000004093,0.020000000000038654,-9.046167,False,False,False,False,False,fatha
31,25,130,135,َ,َ,434.7541875,434.8941875,434.7741875,0.13999999999998636,0.01999999999998181,-0.009625335,False,False,False,False,False,damma
31,25,131,136,م,م,434.8941875,434.9341875,434.91418749999997,0.040000000000020464,0.01999999999998181,-5.985324,False,False,False,False,False,damma
31,25,132,137,ُ,ُ,434.9341875,434.9541875,434.9541875,0.01999999999998181,0.01999999999998181,-1.1407222,False,False,False,False,False,fatha
31,25,133,138,و,و,434.9541875,435.0141875,434.97418749999997,0.060000000000002274,0.01999999999998181,-6.5465584,False,False,False,False,False,fatha
31,25,134,139,ن,ن,435.0141875,435.0341875,435.0341875,0.01999999999998181,0.01999999999998181,-5.1549463,False,False,False,False,False,fatha
31,25,135,140,َ,َ,435.0341875,435.074625,435.0541875,0.04043750000005275,0.020000000000038654,-12.487095,False,False,False,False,False,none
31,26,0,0,ل,ل,434.914625,434.95462499999996,434.934625,0.03999999999996362,0.01999999999998181,-8.622831,False,False,False,False,False,kasra
31,26,1,1,ِ,ِ,434.95462499999996,435.27462499999996,434.974625,0.3199999999999932,0.020000000000038654,-0.615274,False,True,False,False,False,fatha
31,26,2,2,ل,ل,435.27462499999996,435.314625,435.294625,0.040000000000020464,0.020000000000038654,-14.931168,False,True,False,False,False,fatha
31,26,3,3,ّ,ّ,435.314625,435.33462499999996,435.33462499999996,0.01999999999998181,0.01999999999998181,-0.073829144,False,False,False,False,False,fatha
31,26,4,4,َ,َ,435.33462499999996,435.354625,435.354625,0.020000000000038654,0.020000000000038654,-15.009042,False,False,False,False,False,kasra
31,26,5,5,ه,ه,435.354625,435.374625,435.374625,0.01999999999998181,0.01999999999998181,-8.038828,False,False,False,False,False,kasra
31,26,6,6,ِ,ِ,435.374625,435.434625,435.39462499999996,0.060000000000002274,0.01999999999998181,-6.166445,False,False,False,False,False,fatha
31,26,7,7, ,|,435.434625,435.934625,435.474625,0.5,0.040000000000020464,-0.009020386,False,False,False,False,False,fatha
31,26,8,8,م,م,435.934625,436.114625,435.95462499999996,0.18000000000000682,0.01999999999998181,-0.005546893,False,False,False,False,False,fatha
31,26,9,9,َ,َ,436.114625,436.51462499999997,436.13462499999997,0.39999999999997726,0.01999999999998181,-16.471134,False,False,False,False,False,none
31,26,10,10,ا,ا,436.51462499999997,437.554625,436.534625,1.0400000000000205,0.020000000000038654,-14.61689,False,False,False,False,False,kasra
31,26,11,11, ,|,437.554625,437.674625,437.63462499999997,0.12000000000000455,0.07999999999998408,-0.017026138,False,False,False,False,False,kasra
31,26,12,12,ف,ف,437.674625,437.854625,437.694625,0.18000000000000682,0.01999999999998181,-15.25865,False,False,False,False,False,kasra
31,26,13,13,ِ,ِ,437.854625,438.034625,437.874625,0.18000000000000682,0.01999999999998181,-16.641125,False,False,False,False,False,none
31,26,14,14,ى,ى,438.034625,438.174625,438.054625,0.13999999999998636,0.01999999999998181,-16.72364,False,False,False,False,False,none
31,26,15,15, ,|,438.174625,438.254625,438.21462499999996,0.07999999999998408,0.03999999999996362,-0.00023015728,False,False,False,False,False,none
31,26,16,16,ٱ,ا,438.254625,439.114625,438.27462499999996,0.8600000000000136,0.01999999999998181,-17.628923,False,False,False,False,False,none
31,26,17,17,ل,ل,439.114625,439.15462499999995,439.13462499999997,0.03999999999996362,0.01999999999998181,-13.724614,False,True,False,False,False,fatha
31,26,18,18,س,س,439.15462499999995,439.174625,439.174625,0.020000000000038654,0.020000000000038654,-15.66741,False,True,False,False,False,fatha
31,26,19,19,ّ,ّ,439.174625,439.194625,439.194625,0.01999999999998181,0.01999999999998181,-0.083192274,False,False,False,False,False,fatha
31,26,20,20,َ,َ,439.194625,439.354625,439.234625,0.160000000000025,0.040000000000020464,-0.33785415,False,False,True,False,False,fatha
31,26,21,21,م,م,439.354625,439.434625,439.374625,0.07999999999998408,0.01999999999998181,-6.5564896e-06,False,False,True,False,False,fatha
31,26,22,22,َ,َ,439.434625,439.494625,439.45462499999996,0.060000000000002274,0.01999999999998181,-3.3106253,False,False,True,False,False,none
31,26,23,24,ٰ,ا,439.494625,439.63462499999997,439.51462499999997,0.13999999999998636,0.01999999999998181,-4.6491514e-06,False,False,True,False,False,fatha
31,26,24,25,و,و,439.63462499999997,439.65462499999995,439.65462499999995,0.01999999999998181,0.01999999999998181,-19.101662,False,False,True,False,False,fatha
31,26,25,26,َ,َ,439.65462499999995,439.754625,439.674625,0.10000000000002274,0.020000000000038654,-17.12403,False,False,True,False,False,kasra
31,26,26,27,ٰ,ا,439.754625,439.854625,439.77462499999996,0.10000000000002274,0.01999999999998181,-16.353067,False,False,False,False,False,kasra
31,26,27,28,ت,ت,439.854625,439.874625,439.874625,0.01999999999998181,0.01999999999998181,-16.556128,False,False,False,False,False,kasra
31,26,28,29,ِ,ِ,439.874625,439.914625,439.89462499999996,0.040000000000020464,0.01999999999998181,-15.197269,False,False,False,False,False,fatha
31,26,29,30, ,|,439.914625,439.95462499999996,439.95462499999996,0.03999999999996362,0.03999999999996362,-0.0153563805,False,False,False,False,False,fatha
31,26,30,31,و,و,439.95462499999996,439.974625,439.974625,0.020000000000038654,0.020000000000038654,-19.1803,False,False,False,False,False,fatha
31,26,31,32,َ,َ,439.974625,439.994625,439.994625,0.01999999999998181,0.01999999999998181,-16.867382,False,False,False,False,False,sukun
31,26,32,33,ٱ,ا,439.994625,440.054625,440.01462499999997,0.060000000000002274,0.01999999999998181,-0.43972316,False,False,False,False,True,sukun
31,26,33,34,ل,ل,440.054625,440.094625,440.07462499999997,0.040000000000020464,0.01999999999998181,-4.887569e-06,False,False,False,False,True,sukun
31,26,34,35,ْ,ْ,440.094625,440.15462499999995,440.114625,0.05999999999994543,0.01999999999998181,-6.677044,False,False,False,False,False,fatha
31,26,35,36,أ,أ,440.15462499999995,440.234625,440.174625,0.08000000000004093,0.020000000000038654,-1.0967195e-05,False,False,False,False,False,fatha
31,26,36,37,َ,َ,440.234625,440.33462499999996,440.254625,0.0999999999999659,0.01999999999998181,-1.2848797,False,False,False,False,True,sukun
31,26,37,38,ر,ر,440.33462499999996,440.39462499999996,440.354625,0.060000000000002274,0.020000000000038654,-0.0001136,False,False,False,False,True,sukun
31,26,38,39,ْ,ْ,440.39462499999996,440.534625,440.414625,0.1400000000000432,0.020000000000038654,-5.278558,False,False,False,False,False,kasra
31,26,39,40,ض,ض,440.534625,440.63462499999997,440.554625,0.0999999999999659,0.01999999999998181,-0.00016294583,True,False,False,False,False,kasra
31,26,40,41,ِ,ِ,440.63462499999997,440.694625,440.65462499999995,0.060000000000002274,0.01999999999998181,-1.0386592,False,False,False,False,False,none
31,26,41,42, ,|,440.694625,440.77462499999996,440.754625,0.07999999999998408,0.060000000000002274,-0.014785926,False,False,False,False,False,none
31,26,42,45,إ,إ,440.77462499999996,440.854625,440.794625,0.08000000000004093,0.020000000000038654,-7.742922,False,False,False,False,False,kasra
31,26,43,46,ِ,ِ,440.854625,441.314625,440.874625,0.45999999999997954,0.01999999999998181,-1.4540378,False,True,False,False,False,fatha
31,26,44,47,ن,ن,441.314625,441.57462499999997,441.33462499999996,0.2599999999999909,0.01999999999998181,-0.002609184,False,True,False,False,False,fatha
31,26,45,48,ّ,ّ,441.57462499999997,441.65462499999995,441.594625,0.07999999999998408,0.020000000000038654,-15.735916,False,False,False,False,False,fatha
31,26,46,49,َ,َ,441.65462499999995,441.794625,441.674625,0.1400000000000432,0.020000000000038654,-1.0285302,False,False,False,False,False,none
31,26,47,50, ,|,441.794625,441.994625,441.814625,0.19999999999998863,0.01999999999998181,-12.15489,False,False,False,False,False,none
31,26,48,51,ٱ,ا,441.994625,442.21462499999996,442.01462499999997,0.21999999999997044,0.01999999999998181,-9.2997,False,False,False,False,False,none
31,26,49,52,ل,ل,442.21462499999996,442.554625,442.234625,0.34000000000003183,0.020000000000038654,-14.4193,False,True,False,False,False,fatha
31,26,50,53,ل,ل,442.554625,442.63462499999997,442.57462499999997,0.07999999999998408,0.01999999999998181,-12.841202,False,True,False,False,False,fatha
31,26,51,54,ّ,ّ,442.63462499999997,442.694625,442.65462499999995,0.060000000000002274,0.01999999999998181,-17.177757,False,False,False,False,False,fatha
31,26,52,55,َ,َ,442.694625,442.874625,442.71462499999996,0.18000000000000682,0.01999999999998181,-0.61828315,False,False,False,False,False,fatha
31,26,53,56,ه,ه,442.874625,443.054625,442.89462499999996,0.18000000000000682,0.01999999999998181,-12.508204,False,False,False,False,False,fatha
31,26,54,57,َ,َ,443.054625,443.194625,443.07462499999997,0.13999999999998636,0.01999999999998181,-14.042005,False,False,False,False,False,damma
31,26,55,58, ,|,443.194625,443.414625,443.21462499999996,0.22000000000002728,0.01999999999998181,-15.093288,False,False,False,False,False,damma
31,26,56,59,ه,ه,443.414625,443.51462499999997,443.45462499999996,0.0999999999999659,0.03999999999996362,-0.08594093,False,False,False,False,False,damma
31,26,57,60,ُ,ُ,443.51462499999997,444.194625,443.534625,0.6800000000000068,0.020000000000038654,-3.325089,False,False,False,False,False,fatha
31,26,58,61,و,و,444.194625,444.234625,444.21462499999996,0.040000000000020464,0.01999999999998181,-5.7814836e-05,False,False,False,False,False,fatha
31,26,59,62,َ,َ,444.234625,444.254625,444.254625,0.01999999999998181,0.01999999999998181,-3.0040321,False,False,False,False,False,none
31,26,60,63, ,|,444.254625,444.33462499999996,444.27462499999996,0.07999999999998408,0.01999999999998181,-9.919679,False,False,False,False,False,sukun
31,26,61,64,ٱ,ا,444.33462499999996,444.45462499999996,444.414625,0.12000000000000455,0.08000000000004093,-0.23149855,False,False,False,False,True,sukun
31,26,62,65,ل,ل,444.45462499999996,444.534625,444.474625,0.08000000000004093,0.020000000000038654,-1.5497195e-06,False,False,False,False,True,sukun
31,26,63,66,ْ,ْ,444.534625,444.614625,444.554625,0.07999999999998408,0.01999999999998181,-3.7808857,False,False,False,False,False,fatha
31,26,64,67,غ,غ,444.614625,444.674625,444.63462499999997,0.060000000000002274,0.01999999999998181,-16.642101,False,False,False,False,False,fatha
31,26,65,68,َ,َ,444.674625,444.854625,444.694625,0.18000000000000682,0.01999999999998181,-0.48023456,False,False,False,False,False,kasra
31,26,66,69,ن,ن,444.854625,444.934625,444.874625,0.07999999999998408,0.01999999999998181,-11.61562,False,False,False,False,False,kasra
31,26,67,70,ِ,ِ,444.934625,444.994625,444.95462499999996,0.060000000000002274,0.01999999999998181,-8.191098,False,True,False,False,False,damma
31,26,68,71,ى,ى,444.994625,445.01462499999997,445.01462499999997,0.01999999999998181,0.01999999999998181,-8.967533,False,True,False,False,False,damma
31,26,69,72,ّ,ّ,445.01462499999997,445.054625,445.034625,0.040000000000020464,0.020000000000038654,-2.8901372,False,False,False,False,False,damma
31,26,70,73,ُ,ُ,445.054625,445.13462499999997,445.07462499999997,0.07999999999998408,0.01999999999998181,-0.8106091,False,False,False,False,False,none
31,26,71,74, ,|,445.13462499999997,445.15462499999995,445.15462499999995,0.01999999999998181,0.01999999999998181,-5.0543462e-05,False,False,False,False,False,sukun
31,26,72,75,ٱ,ا,445.15462499999995,445.174625,445.174625,0.020000000000038654,0.020000000000038654,-13.8388815,False,False,False,False,True,sukun
31,26,73,76,ل,ل,445.174625,445.21462499999996,445.194625,0.03999999999996362,0.01999999999998181,-16.420448,False,False,False,False,True,sukun
31,26,74,77,ْ,ْ,445.21462499999996,445.234625,445.234625,0.020000000000038654,0.020000000000038654,-19.248053,False,False,False,False,False,fatha
31,26,75,78,ح,ح,445.234625,445.27462499999996,445.254625,0.03999999999996362,0.01999999999998181,-18.125008,False,False,False,False,False,fatha
31,26,76,79,َ,َ,445.27462499999996,445.434625,445.294625,0.160000000000025,0.020000000000038654,-1.7657485,False,False,False,False,False,kasra
31,26,77,80,م,م,445.434625,445.494625,445.45462499999996,0.060000000000002274,0.01999999999998181,-1.4543428e-05,False,False,False,False,False,kasra
31,26,78,81,ِ,ِ,445.494625,445.51462499999997,445.51462499999997,0.01999999999998181,0.01999999999998181,-10.342773,False,False,False,False,False,damma
31,26,79,82,ي,ي,445.51462499999997,445.794625,445.534625,0.28000000000002956,0.020000000000038654,-15.088019,False,False,False,False,False,damma
31,26,80,83,د,د,445.794625,445.83462499999996,445.814625,0.03999999999996362,0.01999999999998181,-5.2450712e-05,False,False,False,False,False,damma
31,26,81,84,ُ,ُ,445.83462499999996,445.892,445.854625,0.057375000000035925,0.020000000000038654,-3.4289303,False,False,False,False,False,none
31,27,0,0,و,و,445.6919375,445.7119375,445.7119375,0.01999999999998181,0.01999999999998181,-7.3652444,False,False,False,False,False,fatha
31,27,1,1,َ,َ,445.7119375,445.7319375,445.7319375,0.020000000000038654,0.020000000000038654,-12.103847,False,False,False,False,False,fatha
31,27,2,2,ل,ل,445.7319375,445.7519375,445.7519375,0.01999999999998181,0.01999999999998181,-8.739817,False,False,False,False,False,fatha
31,27,3,3,َ,َ,445.7519375,445.8119375,445.7719375,0.060000000000002274,0.01999999999998181,-13.664963,False,False,False,False,True,sukun
31,27,4,4,و,و,445.8119375,445.8319375,445.8319375,0.01999999999998181,0.01999999999998181,-13.072207,False,False,False,False,True,sukun
31,27,5,5,ْ,ْ,445.8319375,445.8519375,445.8519375,0.020000000000038654,0.020000000000038654,-4.989703,False,False,False,False,False,fatha
31,27,6,6, ,|,445.8519375,445.8719375,445.8719375,0.01999999999998181,0.01999999999998181,-8.440788,False,False,False,False,False,fatha
31,27,7,7,أ,أ,445.8719375,445.8919375,445.8919375,0.01999999999998181,0.01999999999998181,-9.393075,False,False,False,False,False,fatha
31,27,8,8,َ,َ,445.8919375,445.9119375,445.9119375,0.020000000000038654,0.020000000000038654,-9.7799015,False,True,False,False,False,fatha
31,27,9,9,ن,ن,445.9119375,446.03193749999997,445.9319375,0.1199999999999477,0.01999999999998181,-9.785993,False,True,False,False,False,fatha
31,27,10,10,ّ,ّ,446.03193749999997,446.0919375,446.0519375,0.060000000000002274,0.020000000000038654,-13.369516,False,False,False,False,False,fatha
31,27,11,11,َ,َ,446.0919375,446.1919375,446.1119375,0.10000000000002274,0.020000000000038654,-9.80118,False,False,False,False,False,fatha
31,27,12,12,م,م,446.1919375,446.2119375,446.2119375,0.01999999999998181,0.01999999999998181,-5.850614,False,False,False,False,False,fatha
31,27,13,13,َ,َ,446.2119375,446.2319375,446.2319375,0.020000000000038654,0.020000000000038654,-14.184241,False,False,False,False,False,none
31,27,14,14,ا,ا,446.2319375,446.3719375,446.2519375,0.13999999999998636,0.01999999999998181,-11.082314,False,False,False,False,False,kasra
31,27,15,15, ,|,446.3719375,446.4519375,446.4119375,0.07999999999998408,0.040000000000020464,-0.0029599995,False,False,False,False,False,kasra
31,27,16,16,ف,ف,446.4519375,446.5119375,446.47193749999997,0.060000000000002274,0.01999999999998181,-12.796954,False,False,False,False,False,kasra
31,27,17,17,ِ,ِ,446.5119375,446.53193749999997,446.53193749999997,0.01999999999998181,0.01999999999998181,-0.0013504443,False,False,False,False,False,none
31,27,18,18,ى,ى,446.53193749999997,446.5519375,446.5519375,0.020000000000038654,0.020000000000038654,-17.60558,False,False,False,False,False,none
31,27,19,19, ,|,446.5519375,447.1119375,446.5719375,0.5600000000000023,0.01999999999998181,-10.901174,False,False,False,False,False,sukun
31,27,20,20,ٱ,ا,447.1119375,447.2119375,447.1319375,0.0999999999999659,0.01999999999998181,-13.175057,False,False,False,False,True,sukun
31,27,21,21,ل,ل,447.2119375,447.2919375,447.2319375,0.08000000000004093,0.020000000000038654,-11.543675,False,False,False,False,True,sukun
31,27,22,22,ْ,ْ,447.2919375,447.4119375,447.3119375,0.12000000000000455,0.01999999999998181,-0.09663958,False,False,False,False,False,fatha
31,27,23,23,أ,أ,447.4119375,447.4919375,447.4319375,0.07999999999998408,0.01999999999998181,-14.506849,False,False,False,False,False,fatha
31,27,24,24,َ,َ,447.4919375,447.6119375,447.5119375,0.12000000000000455,0.01999999999998181,-0.00022408835,False,False,False,False,True,sukun
31,27,25,25,ر,ر,447.6119375,447.6719375,447.6319375,0.060000000000002274,0.01999999999998181,-7.0597577,False,False,False,False,True,sukun
31,27,26,26,ْ,ْ,447.6719375,447.8119375,447.7119375,0.13999999999998636,0.03999999999996362,-0.28629303,False,False,False,False,False,kasra
31,27,27,27,ض,ض,447.8119375,447.8919375,447.8319375,0.07999999999998408,0.01999999999998181,-5.325529,True,False,False,False,False,kasra
31,27,28,28,ِ,ِ,447.8919375,447.9519375,447.9119375,0.060000000000002274,0.020000000000038654,-0.00019941726,False,False,False,False,False,kasra
31,27,29,29, ,|,447.9519375,448.0119375,447.97193749999997,0.060000000000002274,0.01999999999998181,-16.824219,False,False,False,False,False,kasra
31,27,30,30,م,م,448.0119375,448.0919375,448.03193749999997,0.07999999999998408,0.01999999999998181,-10.377215,False,False,False,False,False,kasra
31,27,31,31,ِ,ِ,448.0919375,448.1919375,448.1119375,0.10000000000002274,0.020000000000038654,-0.03499139,False,False,False,False,False,none
31,27,32,32,ن,ن,448.1919375,448.3119375,448.2119375,0.12000000000000455,0.01999999999998181,-13.37486,False,False,False,False,False,fatha
31,27,33,33, ,|,448.3119375,448.4319375,448.3519375,0.12000000000000455,0.040000000000020464,-0.00075465033,False,False,False,False,False,fatha
31,27,34,34,ش,ش,448.4319375,448.5119375,448.4519375,0.07999999999998408,0.01999999999998181,-14.087436,False,False,False,False,False,fatha
31,27,35,35,َ,َ,448.5119375,448.6719375,448.5519375,0.160000000000025,0.040000000000020464,-0.0034777562,False,False,False,False,False,fatha
31,27,36,36,ج,ج,448.6719375,448.7319375,448.6919375,0.060000000000002274,0.01999999999998181,-14.88709,False,False,False,False,False,fatha
31,27,37,37,َ,َ,448.7319375,448.8519375,448.7519375,0.12000000000000455,0.01999999999998181,-10.654768,False,False,False,False,False,fatha
31,27,38,38,ر,ر,448.8519375,448.9319375,448.8719375,0.07999999999998408,0.01999999999998181,-7.6567626,False,False,False,False,False,fatha
31,27,39,39,َ,َ,448.9319375,449.1119375,448.97193749999997,0.18000000000000682,0.03999999999996362,-0.09592544,False,False,False,False,False,tanween
31,27,40,40,ة,ة,449.1119375,449.1719375,449.1319375,0.060000000000002274,0.01999999999998181,-1.0847986e-05,False,False,False,False,False,tanween
31,27,41,41,ٍ,ٍ,449.1719375,449.2319375,449.1919375,0.060000000000002274,0.01999999999998181,-16.726793,False,False,False,False,False,fatha
31,27,42,42, ,|,449.2319375,449.3319375,449.2919375,0.0999999999999659,0.060000000000002274,-0.0008499689,False,False,False,False,False,fatha
31,27,43,43,أ,أ,449.3319375,449.3719375,449.3519375,0.040000000000020464,0.020000000000038654,-1.5020258e-05,False,False,False,False,False,fatha
31,27,44,44,َ,َ,449.3719375,449.53193749999997,449.4119375,0.15999999999996817,0.040000000000020464,-0.00434295,False,False,False,False,True,sukun
31,27,45,45,ق,ق,449.53193749999997,449.5919375,449.5519375,0.060000000000002274,0.020000000000038654,-15.328089,True,False,False,False,True,sukun
31,27,46,46,ْ,ْ,449.5919375,449.9519375,449.6119375,0.36000000000001364,0.020000000000038654,-0.0015395943,False,False,True,False,False,fatha
31,27,47,47,ل,ل,449.9519375,450.03193749999997,449.97193749999997,0.07999999999998408,0.01999999999998181,-1.8251603,False,False,True,False,False,fatha
31,27,48,48,َ,َ,450.03193749999997,450.2719375,450.0519375,0.2400000000000091,0.020000000000038654,-8.111671,False,False,True,False,False,none
31,27,49,50,ٰ,ا,450.2719375,450.7919375,450.2919375,0.5200000000000387,0.020000000000038654,-8.590365,False,False,False,False,False,tanween
31,27,50,51,م,م,450.7919375,450.8119375,450.8119375,0.01999999999998181,0.01999999999998181,-3.6715788e-05,False,False,False,False,False,tanween
31,27,51,52,ٌ,ٌ,450.8119375,451.1319375,450.8319375,0.3199999999999932,0.01999999999998181,-15.148499,False,False,False,False,False,none
31,27,52,54, ,|,451.1319375,451.2119375,451.1719375,0.07999999999998408,0.040000000000020464,-0.054511026,False,False,False,False,False,fatha
31,27,53,55,و,و,451.2119375,451.2719375,451.2319375,0.060000000000002274,0.020000000000038654,-13.863586,False,False,False,False,False,fatha
31,27,54,56,َ,َ,451.2719375,451.3119375,451.2919375,0.040000000000020464,0.020000000000038654,-3.2066786e-05,False,False,False,False,False,sukun
31,27,55,57,ٱ,ا,451.3119375,451.4119375,451.3319375,0.10000000000002274,0.01999999999998181,-11.23686,False,False,False,False,True,sukun
31,27,56,58,ل,ل,451.4119375,451.4919375,451.4319375,0.07999999999998408,0.01999999999998181,-13.893246,False,False,False,False,True,sukun
31,27,57,59,ْ,ْ,451.4919375,451.6319375,451.5119375,0.13999999999998636,0.01999999999998181,-11.5000305,False,False,False,False,False,fatha
31,27,58,60,ب,ب,451.6319375,451.6919375,451.6519375,0.060000000000002274,0.01999999999998181,-8.486149,False,False,False,False,False,fatha
31,27,59,61,َ,َ,451.6919375,451.8919375,451.7119375,0.19999999999998863,0.01999999999998181,-1.1324818e-05,False,False,False,False,True,sukun
31,27,60,62,ح,ح,451.8919375,451.9319375,451.9119375,0.040000000000020464,0.020000000000038654,-15.856503,False,False,False,False,True,sukun
31,27,61,63,ْ,ْ,451.9319375,451.9519375,451.9519375,0.01999999999998181,0.01999999999998181,-0.11201748,False,False,False,False,False,damma
31,27,62,64,ر,ر,451.9519375,451.97193749999997,451.97193749999997,0.01999999999998181,0.01999999999998181,-15.41553,False,False,False,False,False,damma
31,27,63,65,ُ,ُ,451.97193749999997,451.9919375,451.9919375,0.020000000000038654,0.020000000000038654,-15.917071,False,False,False,False,False,fatha
31,27,64,66, ,|,451.9919375,452.0719375,452.03193749999997,0.07999999999998408,0.03999999999996362,-0.25998244,False,False,False,False,False,fatha
31,27,65,67,ي,ي,452.0719375,452.1519375,452.0919375,0.07999999999998408,0.01999999999998181,-17.148455,False,False,False,False,False,fatha
31,27,66,68,َ,َ,452.1519375,452.4919375,452.1719375,0.34000000000003183,0.020000000000038654,-2.682173e-05,False,False,False,False,False,damma
31,27,67,69,م,م,452.4919375,452.6319375,452.5119375,0.13999999999998636,0.01999999999998181,-4.768258e-05,False,False,False,False,False,damma
31,27,68,70,ُ,ُ,452.6319375,452.9519375,452.6519375,0.3199999999999932,0.01999999999998181,-16.822296,False,True,False,False,False,damma
31,27,69,71,د,د,452.9519375,453.0119375,452.97193749999997,0.060000000000002274,0.01999999999998181,-11.640626,False,True,False,False,False,damma
31,27,70,72,ّ,ّ,453.0119375,453.3919375,453.03193749999997,0.37999999999999545,0.01999999999998181,-11.222009,False,False,False,False,False,damma
31,27,71,73,ُ,ُ,453.3919375,453.8319375,453.4119375,0.4399999999999977,0.020000000000038654,-10.557087,False,False,False,False,False,damma
31,27,72,74,ه,ه,453.8319375,453.8919375,453.8519375,0.060000000000002274,0.020000000000038654,-0.0011747134,False,False,False,False,False,damma
31,27,73,75,ُ,ُ,453.8919375,454.97193749999997,453.9119375,1.079999999999984,0.020000000000038654,-5.451131,False,False,False,False,False,none
31,27,74,77, ,|,454.97193749999997,455.1319375,455.0519375,0.160000000000025,0.08000000000004093,-0.15405183,False,False,False,False,False,kasra
31,27,75,78,م,م,455.1319375,455.1719375,455.1519375,0.040000000000020464,0.01999999999998181,-7.582993,False,False,False,False,False,kasra
31,27,76,79,ِ,ِ,455.1719375,455.8519375,455.2119375,0.6800000000000068,0.03999999999996362,-0.06604143,False,False,False,False,False,none
31,27,77,80,ن,ن,455.8519375,455.9919375,455.8919375,0.13999999999998636,0.03999999999996362,-0.0056272815,False,False,False,False,False,none
31,27,78,82, ,|,455.9919375,456.3319375,456.0519375,0.339999999999975,0.060000000000002274,-0.012240541,False,False,False,False,False,fatha
31,27,79,83,ب,ب,456.3319375,456.7319375,456.3519375,0.4000000000000341,0.020000000000038654,-13.306721,False,False,False,False,False,fatha
31,27,80,84,َ,َ,456.7319375,456.9319375,456.7719375,0.19999999999998863,0.03999999999996362,-0.0129293,False,False,False,False,True,sukun
31,27,81,85,ع,ع,456.9319375,457.0119375,456.9519375,0.07999999999998408,0.01999999999998181,-0.0070138196,False,False,False,False,True,sukun
31,27,82,86,ْ,ْ,457.0119375,457.1519375,457.03193749999997,0.13999999999998636,0.01999999999998181,-15.801829,False,False,False,False,False,kasra
31,27,83,87,د,د,457.1519375,457.2319375,457.1719375,0.08000000000004093,0.020000000000038654,-9.59395,False,False,False,False,False,kasra
31,27,84,88,ِ,ِ,457.2319375,457.53193749999997,457.2719375,0.2999999999999545,0.03999999999996362,-0.11852369,False,False,False,False,False,kasra
31,27,85,89,ه,ه,457.53193749999997,457.6319375,457.5519375,0.10000000000002274,0.020000000000038654,-11.714956,False,False,False,False,False,kasra
31,27,86,90,ِ,ِ,457.6319375,457.8719375,457.6519375,0.2400000000000091,0.01999999999998181,-14.61187,False,False,False,False,False,none
31,27,87,92, ,|,457.8719375,457.9919375,457.8919375,0.12000000000000455,0.01999999999998181,-0.0003914067,False,False,False,False,False,fatha
31,27,88,93,س,س,457.9919375,458.0519375,458.0119375,0.060000000000002274,0.01999999999998181,-15.78618,False,False,False,False,False,fatha
31,27,89,94,َ,َ,458.0519375,458.2719375,458.0919375,0.21999999999997044,0.03999999999996362,-0.00553598,False,False,False,False,True,sukun
31,27,90,95,ب,ب,458.2719375,458.3319375,458.2919375,0.060000000000002274,0.020000000000038654,-13.684233,False,False,False,False,True,sukun
31,27,91,96,ْ,ْ,458.3319375,459.7319375,458.3519375,1.400000000000034,0.020000000000038654,-5.507882,False,False,False,False,False,fatha
31,27,92,97,ع,ع,459.7319375,459.7919375,459.7519375,0.060000000000002274,0.01999999999998181,-13.1901655,False,False,False,False,False,fatha
31,27,93,98,َ,َ,459.7919375,459.8719375,459.8119375,0.07999999999998408,0.01999999999998181,-0.35579848,False,False,False,False,False,damma
31,27,94,99,ة,ة,459.8719375,460.03193749999997,459.8919375,0.15999999999996817,0.01999999999998181,-13.526225,False,False,False,False,False,damma
31,27,95,100,ُ,ُ,460.03193749999997,460.0519375,460.0519375,0.020000000000038654,0.020000000000038654,-13.503719,False,False,False,False,False,fatha
31,27,96,101, ,|,460.0519375,460.1719375,460.0719375,0.12000000000000455,0.01999999999998181,-1.0440594,False,False,False,False,False,fatha
31,27,97,102,أ,أ,460.1719375,460.2519375,460.1919375,0.07999999999998408,0.01999999999998181,-12.744211,False,False,False,False,False,fatha
31,27,98,103,َ,َ,460.2519375,460.3919375,460.2719375,0.13999999999998636,0.01999999999998181,-0.00010585225,False,False,False,False,True,sukun
31,27,99,104,ب,ب,460.3919375,460.4519375,460.4119375,0.060000000000002274,0.020000000000038654,-14.399299,False,False,False,False,True,sukun
31,27,100,105,ْ,ْ,460.4519375,460.5919375,460.47193749999997,0.13999999999998636,0.01999999999998181,-0.076134995,False,False,False,False,False,damma
31,27,101,106,ح,ح,460.5919375,460.6719375,460.6119375,0.08000000000004093,0.020000000000038654,-13.041147,False,False,False,False,False,damma
31,27,102,107,ُ,ُ,460.6719375,460.8519375,460.6919375,0.18000000000000682,0.01999999999998181,-0.020696629,False,False,False,False,False,tanween
31,27,103,108,ر,ر,460.8519375,461.0519375,460.8719375,0.19999999999998863,0.01999999999998181,-15.9629345,False,False,False,False,False,tanween
31,27,104,109,ٍ,ٍ,461.0519375,461.1919375,461.0719375,0.13999999999998636,0.01999999999998181,-16.242224,False,False,False,False,False,none
31,27,105,111, ,|,461.1919375,461.2719375,461.2519375,0.07999999999998408,0.060000000000002274,-0.002297705,False,True,False,False,False,fatha
31,27,106,112,م,م,461.2719375,461.3319375,461.2919375,0.060000000000002274,0.020000000000038654,-9.244888,False,True,False,False,False,fatha
31,27,107,113,ّ,ّ,461.3319375,461.3519375,461.3519375,0.020000000000038654,0.020000000000038654,-14.371042,False,False,False,False,False,fatha
31,27,108,114,َ,َ,461.3519375,461.6319375,461.3919375,0.2799999999999727,0.03999999999996362,-0.0065660616,False,False,False,False,False,none
31,27,109,115,ا,ا,461.6319375,461.7919375,461.6519375,0.160000000000025,0.01999999999998181,-3.8623064e-05,False,False,False,False,False,fatha
31,27,110,116, ,|,461.7919375,461.8919375,461.8319375,0.0999999999999659,0.03999999999996362,-0.0008546609,False,False,False,False,False,fatha
31,27,111,117,ن,ن,461.8919375,461.9519375,461.9119375,0.060000000000002274,0.020000000000038654,-10.701946,False,False,False,False,False,fatha
31,27,112,118,َ,َ,461.9519375,462.0719375,461.97193749999997,0.12000000000000455,0.01999999999998181,-0.0016033901,False,False,False,False,False,kasra
31,27,113,119,ف,ف,462.0719375,462.1319375,462.0919375,0.060000000000002274,0.01999999999998181,-11.756039,False,False,False,False,False,kasra
31,27,114,120,ِ,ِ,462.1319375,462.3119375,462.1519375,0.18000000000000682,0.01999999999998181,-8.431511,False,False,False,False,False,fatha
31,27,115,121,د,د,462.3119375,462.4119375,462.3319375,0.10000000000002274,0.01999999999998181,-12.64579,False,False,False,False,False,fatha
31,27,116,122,َ,َ,462.4119375,462.5719375,462.4319375,0.15999999999996817,0.01999999999998181,-2.7808006,False,False,False,False,True,sukun
31,27,117,123,ت,ت,462.5719375,462.8919375,462.5919375,0.3199999999999932,0.01999999999998181,-10.996829,False,False,False,False,True,sukun
31,27,118,124,ْ,ْ,462.8919375,462.9519375,462.9119375,0.060000000000002274,0.020000000000038654,-0.10966685,False,False,False,False,False,fatha
31,27,119,125, ,|,462.9519375,463.0119375,462.9919375,0.060000000000002274,0.040000000000020464,-0.00010495345,False,False,False,False,False,fatha
31,27,120,126,ك,ك,463.0119375,463.0919375,463.03193749999997,0.07999999999998408,0.01999999999998181,-15.619191,False,False,False,False,False,fatha
31,27,121,127,َ,َ,463.0919375,463.3719375,463.1119375,0.28000000000002956,0.020000000000038654,-15.992716,False,False,False,False,False,kasra
31,27,122,128,ل,ل,463.3719375,463.4119375,463.4119375,0.040000000000020464,0.040000000000020464,-0.02858121,False,False,False,False,False,kasra
31,27,123,129,ِ,ِ,463.4119375,463.4319375,463.4319375,0.01999999999998181,0.01999999999998181,-13.648661,False,False,True,False,False,fatha
31,27,124,130,م,م,463.4319375,463.4519375,463.4519375,0.01999999999998181,0.01999999999998181,-14.711206,False,False,True,False,False,fatha
31,27,125,131,َ,َ,463.4519375,463.5119375,463.4919375,0.060000000000002274,0.040000000000020464,-0.022025187,False,False,True,False,False,none
31,27,126,133,ٰ,ا,463.5119375,463.7719375,463.53193749999997,0.2599999999999909,0.01999999999998181,-0.0044069793,False,False,False,False,False,damma
31,27,127,134,ت,ت,463.7719375,463.8519375,463.7919375,0.08000000000004093,0.020000000000038654,-12.839877,False,False,False,False,False,damma
31,27,128,135,ُ,ُ,463.8519375,463.9119375,463.8719375,0.060000000000002274,0.01999999999998181,-13.754532,False,False,False,False,False,none
31,27,129,136, ,|,463.9119375,463.9919375,463.9519375,0.07999999999998408,0.03999999999996362,-0.008934636,False,False,False,False,False,none
31,27,130,137,ٱ,ا,463.9919375,464.3519375,464.0119375,0.36000000000001364,0.01999999999998181,-14.306659,False,False,False,False,False,none
31,27,131,138,ل,ل,464.3519375,465.6319375,464.3719375,1.2799999999999727,0.01999999999998181,-13.787071,False,True,False,False,False,fatha
31,27,132,139,ل,ل,465.6319375,465.8519375,465.6519375,0.22000000000002728,0.01999999999998181,-10.9204035,False,True,False,False,False,fatha
31,27,133,140,ّ,ّ,465.8519375,465.9119375,465.8719375,0.060000000000002274,0.01999999999998181,-15.035471,False,False,False,False,False,fatha
31,27,134,141,َ,َ,465.9119375,466.0119375,465.9519375,0.0999999999999659,0.03999999999996362,-0.0006568185,False,False,False,False,False,kasra
31,27,135,142,ه,ه,466.0119375,466.0919375,466.03193749999997,0.07999999999998408,0.01999999999998181,-10.992218,False,False,False,False,False,kasra
31,27,136,143,ِ,ِ,466.0919375,466.7519375,466.1119375,0.660000000000025,0.020000000000038654,-15.761963,False,False,False,False,False,none
31,27,137,144, ,|,466.7519375,466.9119375,466.8319375,0.160000000000025,0.07999999999998408,-0.048331033,False,False,False,False,False,none
31,27,138,147,إ,إ,466.9119375,466.9519375,466.9319375,0.03999999999996362,0.01999999999998181,-0.001162211,False,False,False,False,False,kasra
31,27,139,148,ِ,ِ,466.9519375,467.6519375,466.9919375,0.6999999999999886,0.040000000000020464,-0.001991969,False,True,False,False,False,fatha
31,27,140,149,ن,ن,467.6519375,467.6719375,467.6719375,0.020000000000038654,0.020000000000038654,-9.655906e-06,False,True,False,False,False,fatha
31,27,141,150,ّ,ّ,467.6719375,467.7119375,467.7119375,0.03999999999996362,0.03999999999996362,-0.2656419,False,False,False,False,False,fatha
31,27,142,151,َ,َ,467.7119375,467.7719375,467.7519375,0.060000000000002274,0.040000000000020464,-0.00056345743,False,False,False,False,False,none
31,27,143,152, ,|,467.7719375,467.8319375,467.8319375,0.060000000000002274,0.060000000000002274,-0.0018883938,False,False,False,False,False,none
31,27,144,153,ٱ,ا,467.8319375,467.8719375,467.8719375,0.040000000000020464,0.040000000000020464,-0.00043938783,False,False,False,False,False,none
31,27,145,154,ل,ل,467.8719375,468.0919375,467.9519375,0.21999999999997044,0.07999999999998408,-0.06737057,False,True,False,False,False,fatha
31,27,146,155,ل,ل,468.0919375,468.1119375,468.1119375,0.020000000000038654,0.020000000000038654,-0.00033277695,False,True,False,False,False,fatha
31,27,147,156,ّ,ّ,468.1119375,468.1319375,468.1319375,0.01999999999998181,0.01999999999998181,-0.9598081,False,False,False,False,False,fatha
31,27,148,157,َ,َ,468.1319375,468.1519375,468.1519375,0.01999999999998181,0.01999999999998181,-7.882672,False,False,False,False,False,fatha
31,27,149,158,ه,ه,468.1519375,468.1719375,468.1719375,0.020000000000038654,0.020000000000038654,-14.263018,False,False,False,False,False,fatha
31,27,150,159,َ,َ,468.1719375,468.1919375,468.1919375,0.01999999999998181,0.01999999999998181,-0.036354978,False,False,False,False,False,fatha
31,27,151,160, ,|,468.1919375,468.2119375,468.2119375,0.01999999999998181,0.01999999999998181,-15.737413,False,False,False,False,False,fatha
31,27,152,161,ع,ع,468.2119375,468.2319375,468.2319375,0.020000000000038654,0.020000000000038654,-18.198265,False,False,False,False,False,fatha
31,27,153,162,َ,َ,468.2319375,468.4519375,468.2519375,0.21999999999997044,0.01999999999998181,-13.776369,False,False,False,False,False,kasra
31,27,154,163,ز,ز,468.4519375,468.5119375,468.47193749999997,0.060000000000002274,0.01999999999998181,-17.903326,False,False,False,False,False,kasra
31,27,155,164,ِ,ِ,468.5119375,468.53193749999997,468.53193749999997,0.01999999999998181,0.01999999999998181,-12.912877,False,False,False,False,False,tanween
31,27,156,165,ي,ي,468.53193749999997,468.5519375,468.5519375,0.020000000000038654,0.020000000000038654,-15.7327,False,False,False,False,False,tanween
31,27,157,166,ز,ز,468.5519375,468.5719375,468.5719375,0.01999999999998181,0.01999999999998181,-19.39465,False,False,False,False,False,tanween
31,27,158,167,ٌ,ٌ,468.5719375,468.5919375,468.5919375,0.01999999999998181,0.01999999999998181,-18.09633,False,False,False,False,False,fatha
31,27,159,168, ,|,468.5919375,468.6119375,468.6119375,0.020000000000038654,0.020000000000038654,-0.00054416154,False,False,False,False,False,fatha
31,27,160,169,ح,ح,468.6119375,468.6319375,468.6319375,0.01999999999998181,0.01999999999998181,-17.864168,False,False,False,False,False,fatha
31,27,161,170,َ,َ,468.6319375,468.6519375,468.6519375,0.01999999999998181,0.01999999999998181,-16.83502,False,False,False,False,False,kasra
31,27,162,171,ك,ك,468.6519375,468.6719375,468.6719375,0.020000000000038654,0.020000000000038654,-20.402346,False,False,False,False,False,kasra
31,27,163,172,ِ,ِ,468.6719375,468.6919375,468.6919375,0.01999999999998181,0.01999999999998181,-17.43555,False,False,False,False,False,tanween
31,27,164,173,ي,ي,468.6919375,468.7119375,468.7119375,0.01999999999998181,0.01999999999998181,-11.581536,False,False,False,False,False,tanween
31,27,165,174,م,م,468.7119375,468.7319375,468.7319375,0.020000000000038654,0.020000000000038654,-14.948957,False,False,False,False,False,tanween
31,27,166,175,ٌ,ٌ,468.7319375,468.7768125,468.7519375,0.04487499999999045,0.01999999999998181,-7.9762216,False,False,False,False,False,none
31,28,0,0,م,م,468.91675,469.17675,468.93675,0.26000000000004775,0.020000000000038654,-2.4151523,False,True,False,False,False,fatha
31,28,1,1,ّ,ّ,469.17675,469.23675000000003,469.19675,0.060000000000002274,0.01999999999998181,-3.000683,False,False,False,False,False,fatha
31,28,2,2,َ,َ,469.23675000000003,469.27675,469.25675,0.03999999999996362,0.01999999999998181,-4.675159,False,False,False,False,False,none
31,28,3,3,ا,ا,469.27675,469.49675,469.29675000000003,0.22000000000002728,0.020000000000038654,-0.64055043,False,False,False,False,False,fatha
31,28,4,4, ,|,469.49675,470.31675,469.51675,0.8199999999999932,0.01999999999998181,-1.218089,False,False,False,False,False,fatha
31,28,5,5,خ,خ,470.31675,470.37675,470.33675,0.060000000000002274,0.01999999999998181,-17.8887,False,False,False,False,False,fatha
31,28,6,6,َ,َ,470.37675,471.11675,470.41675,0.7400000000000091,0.03999999999996362,-0.0053302925,False,False,False,False,True,sukun
31,28,7,7,ل,ل,471.11675,471.15675,471.13675,0.03999999999996362,0.01999999999998181,-7.741724,False,False,False,False,True,sukun
31,28,8,8,ْ,ْ,471.15675,472.17675,471.17675,1.0200000000000387,0.020000000000038654,-8.272448,False,False,False,False,False,damma
31,28,9,9,ق,ق,472.17675,472.23675000000003,472.19675,0.060000000000002274,0.01999999999998181,-7.516211,True,False,False,False,False,damma
31,28,10,10,ُ,ُ,472.23675000000003,472.37675,472.25675,0.13999999999998636,0.01999999999998181,-12.54272,False,False,False,False,False,damma
31,28,11,11,ك,ك,472.37675,472.41675,472.39675,0.03999999999996362,0.01999999999998181,-16.685064,False,False,False,False,False,damma
31,28,12,12,ُ,ُ,472.41675,472.51675,472.43675,0.10000000000002274,0.020000000000038654,-15.199618,False,False,False,False,True,sukun
31,28,13,13,م,م,472.51675,472.59675,472.53675,0.07999999999998408,0.01999999999998181,-1.5735503e-05,False,False,False,False,True,sukun
31,28,14,14,ْ,ْ,472.59675,472.63675,472.63675,0.040000000000020464,0.040000000000020464,-0.0067751925,False,False,False,False,False,fatha
31,28,15,15, ,|,472.63675,472.77675,472.69675,0.13999999999998636,0.060000000000002274,-0.17762594,False,False,False,False,False,fatha
31,28,16,16,و,و,472.77675,472.83675,472.79675000000003,0.060000000000002274,0.020000000000038654,-16.366241,False,False,False,False,False,fatha
31,28,17,17,َ,َ,472.83675,472.99675,472.87675,0.160000000000025,0.040000000000020464,-0.051558208,False,False,False,False,False,fatha
31,28,18,18,ل,ل,472.99675,473.05675,473.01675,0.060000000000002274,0.01999999999998181,-13.579133,False,False,False,False,False,fatha
31,28,19,19,َ,َ,473.05675,473.09675,473.09675,0.03999999999996362,0.03999999999996362,-0.012377483,False,False,False,False,False,none
31,28,20,20,ا,ا,473.09675,473.15675,473.11675,0.060000000000002274,0.020000000000038654,-9.448464,False,False,False,False,False,fatha
31,28,21,21, ,|,473.15675,473.21675,473.19675,0.060000000000002274,0.040000000000020464,-0.0001096067,False,False,False,False,False,fatha
31,28,22,22,ب,ب,473.21675,473.27675,473.23675000000003,0.060000000000002274,0.020000000000038654,-16.336937,False,False,False,False,False,fatha
31,28,23,23,َ,َ,473.27675,473.29675000000003,473.29675000000003,0.020000000000038654,0.020000000000038654,-0.00024291902,False,False,False,False,True,sukun
31,28,24,24,ع,ع,473.29675000000003,473.55675,473.31675,0.2599999999999909,0.01999999999998181,-14.10457,False,False,False,False,True,sukun
31,28,25,25,ْ,ْ,473.55675,474.07675,473.57675,0.5199999999999818,0.01999999999998181,-9.855792,False,False,False,False,False,damma
31,28,26,26,ث,ث,474.07675,474.11675,474.09675,0.040000000000020464,0.01999999999998181,-18.59185,False,False,False,False,False,damma
31,28,27,27,ُ,ُ,474.11675,474.13675,474.13675,0.01999999999998181,0.01999999999998181,-17.021616,False,False,False,False,False,damma
31,28,28,28,ك,ك,474.13675,474.15675,474.15675,0.01999999999998181,0.01999999999998181,-15.863184,False,False,False,False,False,damma
31,28,29,29,ُ,ُ,474.15675,474.19675,474.17675,0.040000000000020464,0.020000000000038654,-12.97906,False,False,False,False,True,sukun
31,28,30,30,م,م,474.19675,474.21675,474.21675,0.01999999999998181,0.01999999999998181,-12.491857,False,False,False,False,True,sukun
31,28,31,31,ْ,ْ,474.21675,474.23675000000003,474.23675000000003,0.020000000000038654,0.020000000000038654,-15.491837,False,False,False,False,False,kasra
31,28,32,32, ,|,474.23675000000003,474.27675,474.27675,0.03999999999996362,0.03999999999996362,-0.0032253677,False,False,False,False,False,kasra
31,28,33,33,إ,إ,474.27675,474.29675000000003,474.29675000000003,0.020000000000038654,0.020000000000038654,-14.695834,False,False,False,False,False,kasra
31,28,34,34,ِ,ِ,474.29675000000003,474.33675,474.31675,0.03999999999996362,0.01999999999998181,-17.383366,False,True,False,False,False,fatha
31,28,35,35,ل,ل,474.33675,474.53675,474.37675,0.19999999999998863,0.040000000000020464,-0.0003289432,False,True,False,False,False,fatha
31,28,36,36,ّ,ّ,474.53675,474.63675,474.61675,0.10000000000002274,0.08000000000004093,-3.1404407,False,False,False,False,False,fatha
31,28,37,37,َ,َ,474.63675,474.87675,474.67675,0.2400000000000091,0.040000000000020464,-0.0112812,False,False,False,False,False,none
31,28,38,38,ا,ا,474.87675,475.03675,474.89675,0.15999999999996817,0.01999999999998181,-15.699727,False,False,False,False,False,fatha
31,28,39,39, ,|,475.03675,475.13675,475.09675,0.10000000000002274,0.060000000000002274,-0.0085477475,False,False,False,False,False,fatha
31,28,40,40,ك,ك,475.13675,475.21675,475.15675,0.07999999999998408,0.01999999999998181,-15.876248,False,False,False,False,False,fatha
31,28,41,41,َ,َ,475.21675,475.37675,475.23675000000003,0.160000000000025,0.020000000000038654,-6.0452685,False,False,False,False,False,fatha
31,28,42,42,ن,ن,475.37675,475.43675,475.39675,0.060000000000002274,0.01999999999998181,-12.543661,False,False,False,False,False,fatha
31,28,43,43,َ,َ,475.43675,475.51675,475.45675,0.07999999999998408,0.01999999999998181,-9.188319,False,False,False,False,True,sukun
31,28,44,44,ف,ف,475.51675,475.57675,475.53675,0.060000000000002274,0.01999999999998181,-16.749075,False,False,False,False,True,sukun
31,28,45,45,ْ,ْ,475.57675,475.73675000000003,475.59675,0.160000000000025,0.01999999999998181,-12.052772,False,False,False,False,False,tanween
31,28,46,46,س,س,475.73675000000003,475.81675,475.75675,0.07999999999998408,0.01999999999998181,-13.381567,False,False,False,False,False,tanween
31,28,47,47,ٍ,ٍ,475.81675,475.87675,475.83675,0.060000000000002274,0.01999999999998181,-9.879034,False,False,False,False,False,none
31,28,48,49, ,|,475.87675,476.15675,475.91675,0.2799999999999727,0.03999999999996362,-0.16462842,False,False,True,False,False,fatha
31,28,49,50,و,و,476.15675,476.23675000000003,476.17675,0.08000000000004093,0.020000000000038654,-14.592825,False,False,True,False,False,fatha
31,28,50,51,َ,َ,476.23675000000003,476.35675,476.27675,0.1199999999999477,0.03999999999996362,-0.020101389,False,False,True,False,False,kasra
31,28,51,52,ٰ,ا,476.35675,476.37675,476.37675,0.020000000000038654,0.020000000000038654,-11.631436,False,False,False,False,False,kasra
31,28,52,53,ح,ح,476.37675,476.41675,476.39675,0.03999999999996362,0.01999999999998181,-14.314052,False,False,False,False,False,kasra
31,28,53,54,ِ,ِ,476.41675,476.55675,476.43675,0.1400000000000432,0.020000000000038654,-4.876051,False,False,False,False,False,fatha
31,28,54,55,د,د,476.55675,476.61675,476.57675,0.060000000000002274,0.01999999999998181,-10.750894,False,False,False,False,False,fatha
31,28,55,56,َ,َ,476.61675,476.65675,476.63675,0.03999999999996362,0.01999999999998181,-0.008107372,False,False,False,False,False,tanween
31,28,56,57,ة,ة,476.65675,476.69675,476.67675,0.040000000000020464,0.020000000000038654,-12.085577,False,False,False,False,False,tanween
31,28,57,58,ٍ,ٍ,476.69675,476.71675,476.71675,0.01999999999998181,0.01999999999998181,-12.188288,False,False,False,False,False,none
31,28,58,59, ,|,476.71675,476.79675000000003,476.73675000000003,0.08000000000004093,0.020000000000038654,-2.1067803,False,False,False,False,False,none
31,28,59,62,إ,إ,476.79675000000003,476.85675,476.81675,0.05999999999994543,0.01999999999998181,-9.421263,False,False,False,False,False,kasra
31,28,60,63,ِ,ِ,476.85675,476.89675,476.87675,0.040000000000020464,0.020000000000038654,-0.13341586,False,True,False,False,False,fatha
31,28,61,64,ن,ن,476.89675,476.93675,476.91675,0.040000000000020464,0.01999999999998181,-5.1930895,False,True,False,False,False,fatha
31,28,62,65,ّ,ّ,476.93675,476.95675,476.95675,0.01999999999998181,0.01999999999998181,-8.967975,False,False,False,False,False,fatha
31,28,63,66,َ,َ,476.95675,476.97675,476.97675,0.01999999999998181,0.01999999999998181,-7.790926,False,False,False,False,False,none
31,28,64,67, ,|,476.97675,477.03675,476.99675,0.060000000000002274,0.020000000000038654,-1.153302,False,False,False,False,False,none
31,28,65,68,ٱ,ا,477.03675,477.05675,477.05675,0.020000000000038654,0.020000000000038654,-3.4375308,False,False,False,False,False,none
31,28,66,69,ل,ل,477.05675,477.61675,477.07675,0.5600000000000023,0.01999999999998181,-2.5382068,False,True,False,False,False,fatha
31,28,67,70,ل,ل,477.61675,477.63675,477.63675,0.01999999999998181,0.01999999999998181,-13.256879,False,True,False,False,False,fatha
31,28,68,71,ّ,ّ,477.63675,477.69675,477.67675,0.060000000000002274,0.040000000000020464,-0.07816273,False,False,False,False,False,fatha
31,28,69,72,َ,َ,477.69675,477.83675,477.71675,0.13999999999998636,0.01999999999998181,-0.00019357714,False,False,False,False,False,fatha
31,28,70,73,ه,ه,477.83675,477.91675,477.85675,0.07999999999998408,0.01999999999998181,-0.0019839383,False,False,False,False,False,fatha
31,28,71,74,َ,َ,477.91675,478.41675,477.95675,0.5,0.040000000000020464,-0.0045576924,False,False,False,False,False,fatha
31,28,72,75, ,|,478.41675,478.51675,478.47675,0.10000000000002274,0.060000000000002274,-0.0051348056,False,False,False,False,False,fatha
31,28,73,76,س,س,478.51675,478.57675,478.53675,0.060000000000002274,0.01999999999998181,-16.234875,False,False,False,False,False,fatha
31,28,74,77,َ,َ,478.57675,478.71675,478.59675,0.13999999999998636,0.01999999999998181,-0.0002039463,False,False,False,False,False,kasra
31,28,75,78,م,م,478.71675,479.15675,478.73675000000003,0.4399999999999977,0.020000000000038654,-12.525509,False,False,False,False,False,kasra
31,28,76,79,ِ,ِ,479.15675,479.19675,479.17675,0.040000000000020464,0.020000000000038654,-0.00012325481,False,False,False,False,False,tanween
31,28,77,80,ي,ي,479.19675,479.31675,479.21675,0.12000000000000455,0.01999999999998181,-6.844851,False,False,False,False,False,tanween
31,28,78,81,ع,ع,479.31675,479.39675,479.33675,0.07999999999998408,0.01999999999998181,-14.343923,False,False,False,False,False,tanween
31,28,79,82,ٌ,ٌ,479.39675,479.43675,479.41675,0.040000000000020464,0.01999999999998181,-3.8391364,False,False,False,False,False,none
31,28,80,84, ,|,479.43675,480.07675,479.49675,0.6399999999999864,0.060000000000002274,-0.17968756,False,False,False,False,False,fatha
31,28,81,85,ب,ب,480.07675,480.15675,480.09675,0.07999999999998408,0.01999999999998181,-17.359432,False,False,False,False,False,fatha
31,28,82,86,َ,َ,480.15675,480.29675000000003,480.17675,0.1400000000000432,0.020000000000038654,-0.0022834674,False,False,False,False,False,kasra
31,28,83,87,ص,ص,480.29675000000003,480.33675,480.31675,0.03999999999996362,0.01999999999998181,-10.430738,True,False,False,False,False,kasra
31,28,84,88,ِ,ِ,480.33675,480.35675,480.35675,0.01999999999998181,0.01999999999998181,-12.601889,False,False,False,False,False,tanween
31,28,85,89,ي,ي,480.35675,480.37675,480.37675,0.020000000000038654,0.020000000000038654,-13.095122,False,False,False,False,False,tanween
31,28,86,90,ر,ر,480.37675,480.41675,480.39675,0.03999999999996362,0.01999999999998181,-10.91004,False,False,False,False,False,tanween
31,28,87,91,ٌ,ٌ,480.41675,480.4601875,480.43675,0.043437500000038654,0.020000000000038654,-15.238341,False,False,False,False,False,none
31,29,0,0,أ,أ,480.2601875,480.28018749999995,480.28018749999995,0.01999999999998181,0.01999999999998181,-9.354744,False,False,False,False,False,fatha
31,29,1,1,َ,َ,480.28018749999995,480.3001875,480.3001875,0.020000000000038654,0.020000000000038654,-6.333038,False,False,False,False,False,fatha
31,29,2,2,ل,ل,480.3001875,480.3201875,480.3201875,0.01999999999998181,0.01999999999998181,-13.026624,False,False,False,False,False,fatha
31,29,3,3,َ,َ,480.3201875,480.34018749999996,480.34018749999996,0.01999999999998181,0.01999999999998181,-8.275917,False,False,False,False,True,sukun
31,29,4,4,م,م,480.34018749999996,480.3601875,480.3601875,0.020000000000038654,0.020000000000038654,-11.12924,False,False,False,False,True,sukun
31,29,5,5,ْ,ْ,480.3601875,480.3801875,480.3801875,0.01999999999998181,0.01999999999998181,-10.199582,False,False,False,False,False,fatha
31,29,6,6, ,|,480.3801875,480.40018749999996,480.40018749999996,0.01999999999998181,0.01999999999998181,-14.144704,False,False,False,False,False,fatha
31,29,7,7,ت,ت,480.40018749999996,480.4201875,480.4201875,0.020000000000038654,0.020000000000038654,-15.610845,False,False,False,False,False,fatha
31,29,8,8,َ,َ,480.4201875,480.4401875,480.4401875,0.01999999999998181,0.01999999999998181,-7.6099777,False,False,False,False,False,fatha
31,29,9,9,ر,ر,480.4401875,480.46018749999996,480.46018749999996,0.01999999999998181,0.01999999999998181,-9.40229,False,False,False,False,False,fatha
31,29,10,10,َ,َ,480.46018749999996,480.4801875,480.4801875,0.020000000000038654,0.020000000000038654,-8.168966,False,False,False,False,False,fatha
31,29,11,11, ,|,480.4801875,480.5001875,480.5001875,0.01999999999998181,0.01999999999998181,-12.321647,False,False,False,False,False,fatha
31,29,12,12,أ,أ,480.5001875,480.52018749999996,480.52018749999996,0.01999999999998181,0.01999999999998181,-12.547399,False,False,False,False,False,fatha
31,29,13,13,َ,َ,480.52018749999996,480.54018749999994,480.54018749999994,0.01999999999998181,0.01999999999998181,-7.4618816,False,True,False,False,False,fatha
31,29,14,14,ن,ن,480.54018749999994,480.5601875,480.5601875,0.020000000000038654,0.020000000000038654,-10.099941,False,True,False,False,False,fatha
31,29,15,15,ّ,ّ,480.5601875,480.58018749999997,480.58018749999997,0.01999999999998181,0.01999999999998181,-11.716985,False,False,False,False,False,fatha
31,29,16,16,َ,َ,480.58018749999997,480.60018749999995,480.60018749999995,0.01999999999998181,0.01999999999998181,-9.112009,False,False,False,False,False,none
31,29,17,17, ,|,480.60018749999995,480.6201875,480.6201875,0.020000000000038654,0.020000000000038654,-10.233286,False,False,False,False,False,none
31,29,18,18,ٱ,ا,480.6201875,480.64018749999997,480.64018749999997,0.01999999999998181,0.01999999999998181,-5.724421,False,False,False,False,False,none
31,29,19,19,ل,ل,480.64018749999997,480.72018749999995,480.66018749999995,0.07999999999998408,0.01999999999998181,-12.399882,False,True,False,False,False,fatha
31,29,20,20,ل,ل,480.72018749999995,480.7601875,480.7401875,0.040000000000020464,0.020000000000038654,-9.221553,False,True,False,False,False,fatha
31,29,21,21,ّ,ّ,480.7601875,480.78018749999995,480.78018749999995,0.01999999999998181,0.01999999999998181,-5.842787,False,False,False,False,False,fatha
31,29,22,22,َ,َ,480.78018749999995,480.8201875,480.8201875,0.040000000000020464,0.040000000000020464,-0.024197245,False,False,False,False,False,fatha
31,29,23,23,ه,ه,480.8201875,480.84018749999996,480.84018749999996,0.01999999999998181,0.01999999999998181,-13.684466,False,False,False,False,False,fatha
31,29,24,24,َ,َ,480.84018749999996,480.8801875,480.8601875,0.040000000000020464,0.020000000000038654,-10.779791,False,False,False,False,False,damma
31,29,25,25, ,|,480.8801875,480.96018749999996,480.90018749999996,0.07999999999998408,0.01999999999998181,-0.09519727,False,False,False,False,False,damma
31,29,26,26,ي,ي,480.96018749999996,481.02018749999996,480.9801875,0.060000000000002274,0.020000000000038654,-9.918788,False,False,False,False,False,damma
31,29,27,27,ُ,ُ,481.02018749999996,481.04018749999994,481.04018749999994,0.01999999999998181,0.01999999999998181,-8.79514,False,False,False,False,False,kasra
31,29,28,28,و,و,481.04018749999994,481.0601875,481.0601875,0.020000000000038654,0.020000000000038654,-10.55617,False,False,False,False,False,kasra
31,29,29,29,ل,ل,481.0601875,481.08018749999997,481.08018749999997,0.01999999999998181,0.01999999999998181,-10.499745,False,False,False,False,False,kasra
31,29,30,30,ِ,ِ,481.08018749999997,481.1201875,481.10018749999995,0.040000000000020464,0.01999999999998181,-11.876928,False,False,False,False,False,damma
31,29,31,31,ج,ج,481.1201875,481.14018749999997,481.14018749999997,0.01999999999998181,0.01999999999998181,-12.80024,False,False,False,False,False,damma
31,29,32,32,ُ,ُ,481.14018749999997,481.16018749999995,481.16018749999995,0.01999999999998181,0.01999999999998181,-12.379236,False,False,False,False,False,none
31,29,33,33, ,|,481.16018749999995,481.1801875,481.1801875,0.020000000000038654,0.020000000000038654,-0.875106,False,False,False,False,False,none
31,29,34,34,ٱ,ا,481.1801875,481.3801875,481.20018749999997,0.19999999999998863,0.01999999999998181,-0.92673147,False,True,False,False,False,fatha
31,29,35,35,ل,ل,481.3801875,481.4201875,481.40018749999996,0.040000000000020464,0.01999999999998181,-0.0011085086,False,True,False,False,False,fatha
31,29,36,36,ّ,ّ,481.4201875,481.46018749999996,481.4401875,0.03999999999996362,0.01999999999998181,-0.18510523,False,False,False,False,False,fatha
31,29,37,37,َ,َ,481.46018749999996,481.60018749999995,481.4801875,0.13999999999998636,0.020000000000038654,-0.117181085,False,False,False,False,True,sukun
31,29,38,38,ي,ي,481.60018749999995,481.6801875,481.6201875,0.08000000000004093,0.020000000000038654,-0.005754689,False,False,False,False,True,sukun
31,29,39,39,ْ,ْ,481.6801875,481.78018749999995,481.70018749999997,0.0999999999999659,0.01999999999998181,-1.6253104,False,False,False,False,False,fatha
31,29,40,40,ل,ل,481.78018749999995,481.8201875,481.8001875,0.040000000000020464,0.020000000000038654,-0.15086007,False,False,False,False,False,fatha
31,29,41,41,َ,َ,481.8201875,481.84018749999996,481.84018749999996,0.01999999999998181,0.01999999999998181,-10.636416,False,False,False,False,False,kasra
31,29,42,42, ,|,481.84018749999996,481.8601875,481.8601875,0.020000000000038654,0.020000000000038654,-1.7087668,False,False,False,False,False,kasra
31,29,43,43,ف,ف,481.8601875,481.8801875,481.8801875,0.01999999999998181,0.01999999999998181,-12.731453,False,False,False,False,False,kasra
31,29,44,44,ِ,ِ,481.8801875,481.90018749999996,481.90018749999996,0.01999999999998181,0.01999999999998181,-7.738856,False,False,False,False,False,none
31,29,45,45,ى,ى,481.90018749999996,481.9201875,481.9201875,0.020000000000038654,0.020000000000038654,-10.412048,False,False,False,False,False,none
31,29,46,46, ,|,481.9201875,481.9401875,481.9401875,0.01999999999998181,0.01999999999998181,-0.12725434,False,False,False,False,False,none
31,29,47,47,ٱ,ا,481.9401875,481.96018749999996,481.96018749999996,0.01999999999998181,0.01999999999998181,-7.865385,False,False,False,False,False,none
31,29,48,48,ل,ل,481.96018749999996,482.02018749999996,481.9801875,0.060000000000002274,0.020000000000038654,-6.970073,False,True,False,False,False,fatha
31,29,49,49,ن,ن,482.02018749999996,482.08018749999997,482.04018749999994,0.060000000000002274,0.01999999999998181,-12.183399,False,True,False,False,False,fatha
31,29,50,50,ّ,ّ,482.08018749999997,482.10018749999995,482.10018749999995,0.01999999999998181,0.01999999999998181,-12.514909,False,False,False,False,False,fatha
31,29,51,51,َ,َ,482.10018749999995,482.22018749999995,482.1201875,0.12000000000000455,0.020000000000038654,-1.4477491,False,False,False,False,False,fatha
31,29,52,52,ه,ه,482.22018749999995,482.3201875,482.2401875,0.10000000000002274,0.020000000000038654,-14.548311,False,False,False,False,False,fatha
31,29,53,53,َ,َ,482.3201875,482.34018749999996,482.34018749999996,0.01999999999998181,0.01999999999998181,-0.008322439,False,False,False,False,False,kasra
31,29,54,54,ا,ا,482.34018749999996,482.64018749999997,482.3601875,0.30000000000001137,0.020000000000038654,-12.769549,False,False,False,False,False,kasra
31,29,55,55,ر,ر,482.64018749999997,482.6801875,482.66018749999995,0.040000000000020464,0.01999999999998181,-12.05142,False,False,False,False,False,kasra
31,29,56,56,ِ,ِ,482.6801875,482.70018749999997,482.70018749999997,0.01999999999998181,0.01999999999998181,-12.722631,False,False,False,False,False,fatha
31,29,57,57, ,|,482.70018749999997,482.72018749999995,482.72018749999995,0.01999999999998181,0.01999999999998181,-15.169271,False,False,False,False,False,fatha
31,29,58,58,و,و,482.72018749999995,482.7401875,482.7401875,0.020000000000038654,0.020000000000038654,-13.394704,False,False,False,False,False,fatha
31,29,59,59,َ,َ,482.7401875,482.8601875,482.7601875,0.12000000000000455,0.01999999999998181,-0.0019722788,False,False,False,False,False,damma
31,29,60,60,ي,ي,482.8601875,482.90018749999996,482.8801875,0.03999999999996362,0.01999999999998181,-14.505557,False,False,False,False,False,damma
31,29,61,61,ُ,ُ,482.90018749999996,482.9201875,482.9201875,0.020000000000038654,0.020000000000038654,-11.427835,False,False,False,False,False,kasra
31,29,62,62,و,و,482.9201875,482.9401875,482.9401875,0.01999999999998181,0.01999999999998181,-9.466324,False,False,False,False,False,kasra
31,29,63,63,ل,ل,482.9401875,482.96018749999996,482.96018749999996,0.01999999999998181,0.01999999999998181,-16.996704,False,False,False,False,False,kasra
31,29,64,64,ِ,ِ,482.96018749999996,482.9801875,482.9801875,0.020000000000038654,0.020000000000038654,-16.575483,False,False,False,False,False,damma
31,29,65,65,ج,ج,482.9801875,483.0001875,483.0001875,0.01999999999998181,0.01999999999998181,-16.39639,False,False,False,False,False,damma
31,29,66,66,ُ,ُ,483.0001875,483.02018749999996,483.02018749999996,0.01999999999998181,0.01999999999998181,-16.106497,False,False,False,False,False,none
31,29,67,67, ,|,483.02018749999996,483.04018749999994,483.04018749999994,0.01999999999998181,0.01999999999998181,-0.06266621,False,False,False,False,False,none
31,29,68,68,ٱ,ا,483.04018749999994,483.08018749999997,483.08018749999997,0.040000000000020464,0.040000000000020464,-0.04195778,False,False,False,False,False,none
31,29,69,69,ل,ل,483.08018749999997,483.3001875,483.1201875,0.22000000000002728,0.040000000000020464,-0.22987606,False,True,False,False,False,fatha
31,29,70,70,ن,ن,483.3001875,483.3201875,483.3201875,0.01999999999998181,0.01999999999998181,-13.4202385,False,True,False,False,False,fatha
31,29,71,71,ّ,ّ,483.3201875,483.34018749999996,483.34018749999996,0.01999999999998181,0.01999999999998181,-0.13802795,False,False,False,False,False,fatha
31,29,72,72,َ,َ,483.34018749999996,483.3601875,483.3601875,0.020000000000038654,0.020000000000038654,-11.187477,False,False,False,False,False,fatha
31,29,73,73,ه,ه,483.3601875,483.3801875,483.3801875,0.01999999999998181,0.01999999999998181,-12.248642,False,False,False,False,False,fatha
31,29,74,74,َ,َ,483.3801875,483.52018749999996,483.40018749999996,0.13999999999998636,0.01999999999998181,-0.0003551806,False,False,False,False,False,fatha
31,29,75,75,ا,ا,483.52018749999996,483.70018749999997,483.54018749999994,0.18000000000000682,0.01999999999998181,-15.231583,False,False,False,False,False,fatha
31,29,76,76,ر,ر,483.70018749999997,483.78018749999995,483.72018749999995,0.07999999999998408,0.01999999999998181,-18.783218,False,False,False,False,False,fatha
31,29,77,77,َ,َ,483.78018749999995,483.8801875,483.8001875,0.10000000000002274,0.020000000000038654,-0.004954917,False,False,False,False,False,kasra
31,29,78,78, ,|,483.8801875,483.96018749999996,483.9401875,0.07999999999998408,0.060000000000002274,-0.09154883,False,False,False,False,False,kasra
31,29,79,79,ف,ف,483.96018749999996,484.0001875,483.9801875,0.040000000000020464,0.020000000000038654,-15.3801365,False,False,False,False,False,kasra
31,29,80,80,ِ,ِ,484.0001875,484.02018749999996,484.02018749999996,0.01999999999998181,0.01999999999998181,-15.142945,False,False,False,False,False,none
31,29,81,81,ى,ى,484.02018749999996,484.08018749999997,484.04018749999994,0.060000000000002274,0.01999999999998181,-15.237499,False,False,False,False,False,none
31,29,82,82, ,|,484.08018749999997,484.10018749999995,484.10018749999995,0.01999999999998181,0.01999999999998181,-11.7864485,False,False,False,False,False,none
31,29,83,83,ٱ,ا,484.10018749999995,484.20018749999997,484.16018749999995,0.10000000000002274,0.060000000000002274,-0.0063018203,False,True,False,False,False,fatha
31,29,84,84,ل,ل,484.20018749999997,484.40018749999996,484.2401875,0.19999999999998863,0.040000000000020464,-0.00067189196,False,True,False,False,False,fatha
31,29,85,85,ّ,ّ,484.40018749999996,484.4801875,484.4201875,0.08000000000004093,0.020000000000038654,-12.619641,False,False,False,False,False,fatha
31,29,86,86,َ,َ,484.4801875,484.64018749999997,484.5001875,0.15999999999996817,0.01999999999998181,-0.0038398597,False,False,False,False,True,sukun
31,29,87,87,ي,ي,484.64018749999997,484.70018749999997,484.66018749999995,0.060000000000002274,0.01999999999998181,-13.619093,False,False,False,False,True,sukun
31,29,88,88,ْ,ْ,484.70018749999997,484.8001875,484.72018749999995,0.10000000000002274,0.01999999999998181,-5.6101604,False,False,False,False,False,kasra
31,29,89,89,ل,ل,484.8001875,484.8601875,484.8201875,0.060000000000002274,0.01999999999998181,-13.89519,False,False,False,False,False,kasra
31,29,90,90,ِ,ِ,484.8601875,486.0001875,484.8801875,1.1399999999999864,0.01999999999998181,-1.6936653,False,False,False,False,False,fatha
31,29,91,91, ,|,486.0001875,486.1201875,486.08018749999997,0.12000000000000455,0.07999999999998408,-0.08267191,False,False,False,False,False,fatha
31,29,92,92,و,و,486.1201875,486.16018749999995,486.14018749999997,0.03999999999996362,0.01999999999998181,-0.00014721263,False,False,False,False,False,fatha
31,29,93,93,َ,َ,486.16018749999995,486.28018749999995,486.1801875,0.12000000000000455,0.020000000000038654,-0.0013788964,False,False,False,False,False,fatha
31,29,94,94,س,س,486.28018749999995,486.34018749999996,486.3001875,0.060000000000002274,0.020000000000038654,-0.00014280253,False,False,False,False,False,fatha
31,29,95,95,َ,َ,486.34018749999996,486.6801875,486.3601875,0.34000000000003183,0.020000000000038654,-0.0006266061,False,True,False,False,False,fatha
31,29,96,96,خ,خ,486.6801875,486.72018749999995,486.70018749999997,0.03999999999996362,0.01999999999998181,-8.443792,False,True,False,False,False,fatha
31,29,97,97,ّ,ّ,486.72018749999995,486.7601875,486.7601875,0.040000000000020464,0.040000000000020464,-0.07254869,False,False,False,False,False,fatha
31,29,98,98,َ,َ,486.7601875,486.8801875,486.78018749999995,0.12000000000000455,0.01999999999998181,-0.0032209682,False,False,False,False,False,fatha
31,29,99,99,ر,ر,486.8801875,486.9201875,486.90018749999996,0.040000000000020464,0.01999999999998181,-0.0024257065,False,False,False,False,False,fatha
31,29,100,100,َ,َ,486.9201875,487.0001875,486.96018749999996,0.07999999999998408,0.03999999999996362,-0.25870618,False,False,False,False,False,none
31,29,101,101, ,|,487.0001875,487.0601875,487.0601875,0.060000000000002274,0.060000000000002274,-0.0012995321,False,False,False,False,False,none
31,29,102,102,ٱ,ا,487.0601875,487.10018749999995,487.10018749999995,0.03999999999996362,0.03999999999996362,-0.002409665,False,False,False,False,False,none
31,29,103,103,ل,ل,487.10018749999995,487.3001875,487.14018749999997,0.20000000000004547,0.040000000000020464,-0.0015029524,False,True,False,False,False,fatha
31,29,104,104,ش,ش,487.3001875,487.3201875,487.3201875,0.01999999999998181,0.01999999999998181,-1.6072049,False,True,False,False,False,fatha
31,29,105,105,ّ,ّ,487.3201875,487.3801875,487.3801875,0.060000000000002274,0.060000000000002274,-0.04616828,False,False,False,False,False,fatha
31,29,106,106,َ,َ,487.3801875,487.54018749999994,487.40018749999996,0.15999999999996817,0.01999999999998181,-0.00094285846,False,False,False,False,True,sukun
31,29,107,107,م,م,487.54018749999994,487.60018749999995,487.5601875,0.060000000000002274,0.020000000000038654,-3.087473e-05,False,False,False,False,True,sukun
31,29,108,108,ْ,ْ,487.60018749999995,487.72018749999995,487.6201875,0.12000000000000455,0.020000000000038654,-0.0006866481,False,False,False,False,False,fatha
31,29,109,109,س,س,487.72018749999995,487.8001875,487.7401875,0.08000000000004093,0.020000000000038654,-2.4079987e-05,False,False,False,False,False,fatha
31,29,110,110,َ,َ,487.8001875,487.8801875,487.8201875,0.07999999999998408,0.01999999999998181,-0.0010561133,False,False,False,False,False,fatha
31,29,111,111, ,|,487.8801875,487.9801875,487.90018749999996,0.10000000000002274,0.01999999999998181,-0.44536573,False,False,False,False,False,fatha
31,29,112,112,و,و,487.9801875,488.0001875,488.0001875,0.01999999999998181,0.01999999999998181,-0.00066306064,False,False,False,False,False,fatha
31,29,113,113,َ,َ,488.0001875,488.1201875,488.02018749999996,0.12000000000000455,0.01999999999998181,-0.38189375,False,False,False,False,False,sukun
31,29,114,114,ٱ,ا,488.1201875,488.20018749999997,488.14018749999997,0.07999999999998408,0.01999999999998181,-0.0028211577,False,False,False,False,True,sukun
31,29,115,115,ل,ل,488.20018749999997,488.2601875,488.22018749999995,0.060000000000002274,0.01999999999998181,-1.585471e-05,False,False,False,False,True,sukun
31,29,116,116,ْ,ْ,488.2601875,488.3801875,488.28018749999995,0.12000000000000455,0.01999999999998181,-0.05091059,False,False,False,False,False,fatha
31,29,117,117,ق,ق,488.3801875,488.46018749999996,488.4201875,0.07999999999998408,0.040000000000020464,-0.35143146,True,False,False,False,False,fatha
31,29,118,118,َ,َ,488.46018749999996,488.60018749999995,488.4801875,0.13999999999998636,0.020000000000038654,-0.0008015995,False,False,False,False,False,fatha
31,29,119,119,م,م,488.60018749999995,488.6801875,488.6201875,0.08000000000004093,0.020000000000038654,-0.00068093,False,False,False,False,False,fatha
31,29,120,120,َ,َ,488.6801875,488.8001875,488.70018749999997,0.12000000000000455,0.01999999999998181,-0.00014685506,False,False,False,False,False,fatha
31,29,121,121,ر,ر,488.8001875,488.8601875,488.8201875,0.060000000000002274,0.01999999999998181,-0.00018094333,False,False,False,False,False,fatha
31,29,122,122,َ,َ,488.8601875,488.9401875,488.90018749999996,0.07999999999998408,0.03999999999996362,-0.0027076728,False,False,False,False,False,damma
31,29,123,123, ,|,488.9401875,489.08018749999997,488.9801875,0.13999999999998636,0.040000000000020464,-3.0218964e-05,False,False,False,False,False,damma
31,29,124,124,ك,ك,489.08018749999997,489.14018749999997,489.10018749999995,0.060000000000002274,0.01999999999998181,-0.0010674262,False,False,False,False,False,damma
31,29,125,125,ُ,ُ,489.14018749999997,489.40018749999996,489.1801875,0.2599999999999909,0.040000000000020464,-0.00632607,False,True,False,False,False,tanween
31,29,126,126,ل,ل,489.40018749999996,489.52018749999996,489.46018749999996,0.12000000000000455,0.060000000000002274,-0.04738917,False,True,False,False,False,tanween
31,29,127,127,ّ,ّ,489.52018749999996,489.54018749999994,489.54018749999994,0.01999999999998181,0.01999999999998181,-1.6634946,False,False,False,False,False,tanween
31,29,128,128,ٌ,ٌ,489.54018749999994,489.64018749999997,489.5601875,0.10000000000002274,0.020000000000038654,-12.102798,False,False,False,False,False,none
31,29,129,130, ,|,489.64018749999997,490.46018749999996,489.6801875,0.8199999999999932,0.040000000000020464,-0.037777517,False,False,False,False,False,fatha
31,29,130,131,ي,ي,490.46018749999996,490.54018749999994,490.4801875,0.07999999999998408,0.020000000000038654,-0.00013076403,False,False,False,False,False,fatha
31,29,131,132,َ,َ,490.54018749999994,490.70018749999997,490.5601875,0.160000000000025,0.020000000000038654,-0.0040495545,False,False,False,False,True,sukun
31,29,132,133,ج,ج,490.70018749999997,490.7601875,490.72018749999995,0.060000000000002274,0.01999999999998181,-0.36658084,False,False,False,False,True,sukun
31,29,133,134,ْ,ْ,490.7601875,490.90018749999996,490.78018749999995,0.13999999999998636,0.01999999999998181,-6.8078218,False,False,False,True,False,kasra
31,29,134,135,ر,ر,490.90018749999996,490.9401875,490.9201875,0.040000000000020464,0.020000000000038654,-0.018797824,False,False,False,True,False,kasra
31,29,135,136,ِ,ِ,490.9401875,490.96018749999996,490.96018749999996,0.01999999999998181,0.01999999999998181,-0.49138626,False,False,False,True,False,none
31,29,136,137,ى,ى,490.96018749999996,491.0001875,490.9801875,0.040000000000020464,0.020000000000038654,-7.916999,False,False,False,True,False,none
31,29,137,138,ٓ,ا,491.0001875,491.96018749999996,491.02018749999996,0.9599999999999795,0.01999999999998181,-7.5694237,False,False,False,False,False,kasra
31,29,138,139, ,|,491.96018749999996,492.02018749999996,492.0001875,0.060000000000002274,0.040000000000020464,-0.09976369,False,False,False,False,False,kasra
31,29,139,140,إ,إ,492.02018749999996,492.08018749999997,492.04018749999994,0.060000000000002274,0.01999999999998181,-0.012536883,False,False,False,False,False,kasra
31,29,140,141,ِ,ِ,492.08018749999997,492.22018749999995,492.1201875,0.13999999999998636,0.040000000000020464,-0.017614601,False,False,True,False,False,fatha
31,29,141,142,ل,ل,492.22018749999995,492.3001875,492.2401875,0.08000000000004093,0.020000000000038654,-0.0001710507,False,False,True,True,False,fatha
31,29,142,143,َ,َ,492.3001875,492.3601875,492.3201875,0.060000000000002274,0.01999999999998181,-0.17865157,False,False,True,True,False,none
31,29,143,144,ى,ى,492.3601875,492.3801875,492.3801875,0.01999999999998181,0.01999999999998181,-0.40243754,False,False,True,True,False,none
31,29,144,145,ٰ,ا,492.3801875,492.60018749999995,492.40018749999996,0.21999999999997044,0.01999999999998181,-5.635284,False,False,False,True,False,none
31,29,145,146,ٓ,ا,492.60018749999995,493.5401875,492.6201875,0.9400000000000546,0.020000000000038654,-8.110813,False,False,False,False,False,fatha
31,29,146,147, ,|,493.5401875,493.64018749999997,493.58018749999997,0.0999999999999659,0.03999999999996362,-0.0042001437,False,False,False,False,False,fatha
31,29,147,148,أ,أ,493.64018749999997,493.6801875,493.66018749999995,0.040000000000020464,0.01999999999998181,-0.00073775253,False,False,False,False,False,fatha
31,29,148,149,َ,َ,493.6801875,493.84018749999996,493.72018749999995,0.15999999999996817,0.03999999999996362,-0.021682851,False,False,False,False,False,fatha
31,29,149,150,ج,ج,493.84018749999996,493.9201875,493.8601875,0.08000000000004093,0.020000000000038654,-0.0031880527,False,False,False,False,False,fatha
31,29,150,151,َ,َ,493.9201875,494.0401875,493.96018749999996,0.12000000000000455,0.03999999999996362,-0.25104505,False,False,False,False,False,tanween
31,29,151,152,ل,ل,494.0401875,494.1201875,494.08018749999997,0.07999999999998408,0.03999999999996362,-0.0004921942,False,False,False,False,False,tanween
31,29,152,153,ٍ,ٍ,494.1201875,494.3801875,494.14018749999997,0.2599999999999909,0.01999999999998181,-0.00080898457,False,False,False,False,False,none
31,29,153,155, ,|,494.3801875,494.96018749999996,494.40018749999996,0.5799999999999841,0.01999999999998181,-1.6512593,False,True,False,False,False,damma
31,29,154,156,م,م,494.96018749999996,495.0001875,494.9801875,0.040000000000020464,0.020000000000038654,-0.00022218144,False,True,False,False,False,damma
31,29,155,157,ّ,ّ,495.0001875,495.02018749999996,495.02018749999996,0.01999999999998181,0.01999999999998181,-0.35370162,False,False,False,False,False,damma
31,29,156,158,ُ,ُ,495.02018749999996,495.22018749999995,495.0401875,0.19999999999998863,0.020000000000038654,-0.10290505,False,False,False,False,False,fatha
31,29,157,159,س,س,495.22018749999995,495.3201875,495.2401875,0.10000000000002274,0.020000000000038654,-6.8185385e-05,False,False,False,False,False,fatha
31,29,158,160,َ,َ,495.3201875,496.22018749999995,495.34018749999996,0.8999999999999773,0.01999999999998181,-6.920228,False,True,False,False,False,tanween
31,29,159,161,م,م,496.22018749999995,496.2601875,496.2401875,0.040000000000020464,0.020000000000038654,-0.0003057251,False,True,False,False,False,tanween
31,29,160,162,ّ,ّ,496.2601875,496.3201875,496.28018749999995,0.060000000000002274,0.01999999999998181,-0.95969254,False,False,False,False,False,tanween
31,29,161,163,ً,ً,496.3201875,496.34018749999996,496.34018749999996,0.01999999999998181,0.01999999999998181,-1.5925833,False,False,False,False,False,none
31,29,162,165,ى,ى,496.34018749999996,497.02018749999996,496.3601875,0.6800000000000068,0.020000000000038654,-13.522273,False,False,False,False,False,fatha
31,29,163,166, ,|,497.02018749999996,497.14018749999997,497.0401875,0.12000000000000455,0.020000000000038654,-1.2291658,False,False,False,False,False,fatha
31,29,164,167,و,و,497.14018749999997,497.20018749999997,497.16018749999995,0.060000000000002274,0.01999999999998181,-0.0036105225,False,False,False,False,False,fatha
31,29,165,168,َ,َ,497.20018749999997,497.3801875,497.2401875,0.18000000000000682,0.040000000000020464,-0.19097182,False,False,False,False,False,fatha
31,29,166,169,أ,أ,497.3801875,497.4401875,497.40018749999996,0.060000000000002274,0.01999999999998181,-5.233151e-05,False,False,False,False,False,fatha
31,29,167,170,َ,َ,497.4401875,498.16018749999995,497.46018749999996,0.7199999999999704,0.01999999999998181,-0.0012857988,False,True,False,False,False,fatha
31,29,168,171,ن,ن,498.16018749999995,498.20018749999997,498.1801875,0.040000000000020464,0.020000000000038654,-7.235742e-05,False,True,False,False,False,fatha
31,29,169,172,ّ,ّ,498.20018749999997,498.2401875,498.2401875,0.040000000000020464,0.040000000000020464,-0.01403709,False,False,False,False,False,fatha
31,29,170,173,َ,َ,498.2401875,498.3201875,498.2601875,0.07999999999998408,0.01999999999998181,-0.0010426567,False,False,False,False,False,none
31,29,171,174, ,|,498.3201875,498.3801875,498.3801875,0.060000000000002274,0.060000000000002274,-0.14408696,False,False,False,False,False,none
31,29,172,175,ٱ,ا,498.3801875,498.4201875,498.4201875,0.040000000000020464,0.040000000000020464,-0.0025608223,False,False,False,False,False,none
31,29,173,176,ل,ل,498.4201875,498.66018749999995,498.48018749999994,0.23999999999995225,0.05999999999994543,-0.0018637808,False,True,False,False,False,fatha
31,29,174,177,ل,ل,498.66018749999995,498.70018749999997,498.6801875,0.040000000000020464,0.020000000000038654,-0.000747163,False,True,False,False,False,fatha
31,29,175,178,ّ,ّ,498.70018749999997,498.7601875,498.7401875,0.060000000000002274,0.040000000000020464,-0.015749324,False,False,False,False,False,fatha
31,29,176,179,َ,َ,498.7601875,498.98018749999994,498.78018749999995,0.21999999999997044,0.01999999999998181,-0.23508568,False,False,False,False,False,fatha
31,29,177,180,ه,ه,498.98018749999994,499.0601875,499.0001875,0.08000000000004093,0.020000000000038654,-3.6834994e-05,False,False,False,False,False,fatha
31,29,178,181,َ,َ,499.0601875,499.14018749999997,499.08018749999997,0.07999999999998408,0.01999999999998181,-0.0013133005,False,False,False,False,False,kasra
31,29,179,182, ,|,499.14018749999997,499.2601875,499.20018749999997,0.12000000000000455,0.060000000000002274,-0.0069605093,False,False,False,False,False,kasra
31,29,180,183,ب,ب,499.2601875,499.3201875,499.28018749999995,0.060000000000002274,0.01999999999998181,-0.008041979,False,False,False,False,False,kasra
31,29,181,184,ِ,ِ,499.3201875,499.48018749999994,499.34018749999996,0.15999999999996817,0.01999999999998181,-0.017404681,False,False,False,False,False,fatha
31,29,182,185,م,م,499.48018749999994,499.5601875,499.52018749999996,0.08000000000004093,0.040000000000020464,-9.858026e-05,False,False,False,False,False,fatha
31,29,183,186,َ,َ,499.5601875,499.6201875,499.58018749999997,0.060000000000002274,0.01999999999998181,-0.020140078,False,False,False,False,False,none
31,29,184,187,ا,ا,499.6201875,499.8001875,499.64018749999997,0.18000000000000682,0.01999999999998181,-0.002171898,False,False,False,False,False,fatha
31,29,185,188, ,|,499.8001875,499.9401875,499.8201875,0.13999999999998636,0.01999999999998181,-0.71327966,False,False,False,False,False,fatha
31,29,186,189,ت,ت,499.9401875,500.0001875,499.96018749999996,0.060000000000002274,0.01999999999998181,-0.0016891987,False,False,False,False,False,fatha
31,29,187,190,َ,َ,500.0001875,500.1201875,500.02018749999996,0.12000000000000455,0.01999999999998181,-0.05937554,False,False,False,False,True,sukun
31,29,188,191,ع,ع,500.1201875,500.16018749999995,500.14018749999997,0.03999999999996362,0.01999999999998181,-3.8279362,False,False,False,False,True,sukun
31,29,189,192,ْ,ْ,500.16018749999995,500.3601875,500.20018749999997,0.20000000000004547,0.040000000000020464,-0.30194962,False,False,False,False,False,fatha
31,29,190,193,م,م,500.3601875,500.46018749999996,500.3801875,0.0999999999999659,0.01999999999998181,-3.2901222e-05,False,False,False,False,False,fatha
31,29,191,194,َ,َ,500.46018749999996,500.60018749999995,500.48018749999994,0.13999999999998636,0.01999999999998181,-0.004001469,False,False,False,False,False,damma
31,29,192,195,ل,ل,500.60018749999995,500.6801875,500.6201875,0.08000000000004093,0.020000000000038654,-0.0029916076,False,False,False,False,False,damma
31,29,193,196,ُ,ُ,500.6801875,500.8001875,500.70018749999997,0.12000000000000455,0.01999999999998181,-0.09042283,False,False,False,False,False,fatha
31,29,194,197,و,و,500.8001875,501.0401875,500.8201875,0.2400000000000091,0.01999999999998181,-0.052121516,False,False,False,False,False,fatha
31,29,195,198,ن,ن,501.0401875,503.0601875,501.0601875,2.019999999999982,0.01999999999998181,-0.00971577,False,False,False,False,False,fatha
31,29,196,199,َ,َ,503.60018749999995,503.9201875,503.64018749999997,0.32000000000005,0.040000000000020464,-0.0018880174,False,False,False,False,False,fatha
31,29,197,200, ,|,503.9201875,504.14018749999997,503.9401875,0.21999999999997044,0.01999999999998181,-14.108494,False,False,False,False,False,fatha
31,29,198,201,خ,خ,504.14018749999997,504.1801875,504.16018749999995,0.040000000000020464,0.01999999999998181,-15.14569,False,False,False,False,False,fatha
31,29,199,202,َ,َ,504.1801875,504.3601875,504.22018749999995,0.18000000000000682,0.03999999999996362,-0.24304864,False,False,False,False,False,kasra
31,29,200,203,ب,ب,504.3601875,504.4201875,504.3801875,0.060000000000002274,0.01999999999998181,-0.02216297,False,False,False,False,False,kasra
31,29,201,204,ِ,ِ,504.4201875,504.58018749999997,504.4401875,0.15999999999996817,0.01999999999998181,-0.0040140543,False,False,False,False,False,tanween
31,29,202,205,ي,ي,504.58018749999997,506.60018749999995,504.60018749999995,2.019999999999982,0.01999999999998181,-9.410599,False,False,False,False,False,tanween
31,29,203,206,ر,ر,507.1801875,507.64018749999997,507.20018749999997,0.45999999999997954,0.01999999999998181,-14.307659,False,False,False,False,False,tanween
31,29,204,207,ٌ,ٌ,507.64018749999997,508.0006875,507.66018749999995,0.36050000000005866,0.01999999999998181,-8.586582,False,False,False,False,False,none
31,30,0,0,ذ,ذ,507.9006875,507.9606875,507.9206875,0.060000000000002274,0.01999999999998181,-17.255892,False,False,True,False,False,fatha
31,30,1,1,َ,َ,507.9606875,508.1206875,508.00068749999997,0.15999999999996817,0.03999999999996362,-0.06325674,False,False,True,False,False,kasra
31,30,2,2,ٰ,ا,508.1206875,508.88068749999996,508.14068749999996,0.7599999999999909,0.01999999999998181,-17.648455,False,False,False,False,False,kasra
31,30,3,3,ل,ل,508.88068749999996,508.9206875,508.9006875,0.040000000000020464,0.020000000000038654,-13.611343,False,False,False,False,False,kasra
31,30,4,4,ِ,ِ,508.9206875,508.94068749999997,508.94068749999997,0.01999999999998181,0.01999999999998181,-10.349236,False,False,False,False,False,fatha
31,30,5,5,ك,ك,508.94068749999997,508.9606875,508.9606875,0.020000000000038654,0.020000000000038654,-15.799837,False,False,False,False,False,fatha
31,30,6,6,َ,َ,508.9606875,509.4006875,509.00068749999997,0.4399999999999977,0.03999999999996362,-0.02109297,False,False,False,False,False,kasra
31,30,7,7, ,|,509.4006875,509.7206875,509.4606875,0.3199999999999932,0.060000000000002274,-0.00017762968,False,False,False,False,False,kasra
31,30,8,8,ب,ب,509.7206875,509.7806875,509.7406875,0.060000000000002274,0.01999999999998181,-10.258941,False,False,False,False,False,kasra
31,30,9,9,ِ,ِ,509.7806875,509.9006875,509.8006875,0.12000000000000455,0.01999999999998181,-3.6014125,False,False,False,False,False,fatha
31,30,10,10,أ,أ,509.9006875,509.9806875,509.9206875,0.07999999999998408,0.01999999999998181,-14.615271,False,False,False,False,False,fatha
31,30,11,11,َ,َ,509.9806875,510.3006875,510.00068749999997,0.3199999999999932,0.01999999999998181,-9.5651245,False,True,False,False,False,fatha
31,30,12,12,ن,ن,510.3006875,510.3406875,510.32068749999996,0.040000000000020464,0.01999999999998181,-3.445089e-05,False,True,False,False,False,fatha
31,30,13,13,ّ,ّ,510.3406875,510.3606875,510.3606875,0.01999999999998181,0.01999999999998181,-14.014439,False,False,False,False,False,fatha
31,30,14,14,َ,َ,510.3606875,510.4206875,510.38068749999996,0.060000000000002274,0.01999999999998181,-0.001428656,False,False,False,False,False,none
31,30,15,15, ,|,510.4206875,510.44068749999997,510.44068749999997,0.01999999999998181,0.01999999999998181,-4.6013727e-05,False,False,False,False,False,none
31,30,16,16,ٱ,ا,510.44068749999997,510.5206875,510.4606875,0.08000000000004093,0.020000000000038654,-16.937048,False,False,False,False,False,none
31,30,17,17,ل,ل,510.5206875,510.5606875,510.5406875,0.03999999999996362,0.01999999999998181,-12.255941,False,True,False,False,False,fatha
31,30,18,18,ل,ل,510.5606875,510.58068749999995,510.58068749999995,0.01999999999998181,0.01999999999998181,-15.199561,False,True,False,False,False,fatha
31,30,19,19,ّ,ّ,510.58068749999995,510.6006875,510.6006875,0.020000000000038654,0.020000000000038654,-12.612564,False,False,False,False,False,fatha
31,30,20,20,َ,َ,510.6006875,510.8606875,510.6206875,0.2599999999999909,0.01999999999998181,-12.369853,False,False,False,False,False,fatha
31,30,21,21,ه,ه,510.8606875,511.1806875,510.88068749999996,0.3199999999999932,0.01999999999998181,-12.988495,False,False,False,False,False,fatha
31,30,22,22,َ,َ,511.1806875,511.20068749999996,511.20068749999996,0.01999999999998181,0.01999999999998181,-9.200083,False,False,False,False,False,damma
31,30,23,23, ,|,511.20068749999996,511.32068749999996,511.26068749999996,0.12000000000000455,0.060000000000002274,-0.0016401313,False,False,False,False,False,damma
31,30,24,24,ه,ه,511.32068749999996,511.4006875,511.3406875,0.08000000000004093,0.020000000000038654,-15.1718,False,False,False,False,False,damma
31,30,25,25,ُ,ُ,511.4006875,511.4806875,511.44068749999997,0.07999999999998408,0.03999999999996362,-0.0058827642,False,False,False,False,False,fatha
31,30,26,26,و,و,511.4806875,511.7206875,511.50068749999997,0.2400000000000091,0.01999999999998181,-9.1790735e-06,False,False,False,False,False,fatha
31,30,27,27,َ,َ,511.7206875,512.0606875,511.7406875,0.339999999999975,0.01999999999998181,-11.839952,False,False,False,False,False,none
31,30,28,28, ,|,512.0606875,512.1206875,512.1206875,0.06000000000005912,0.06000000000005912,-0.14055152,False,False,False,False,False,sukun
31,30,29,29,ٱ,ا,512.1206875,512.2006875,512.1406875,0.07999999999992724,0.01999999999998181,-0.50152874,False,False,False,False,True,sukun
31,30,30,30,ل,ل,512.2006875,512.2806875,512.2406875,0.08000000000004093,0.04000000000007731,-0.0004341534,False,False,False,False,True,sukun
31,30,31,31,ْ,ْ,512.2806875,512.3406875,512.3006875,0.05999999999994543,0.01999999999998181,-0.99865013,False,False,False,False,False,fatha
31,30,32,32,ح,ح,512.3406875,512.4206875,512.3606874999999,0.08000000000004093,0.01999999999998181,-17.304764,False,False,False,False,False,fatha
31,30,33,33,َ,َ,512.4206875,512.7806875,512.4606875,0.36000000000001364,0.03999999999996362,-0.15709609,False,True,False,False,False,damma
31,30,34,34,ق,ق,512.7806875,512.8606874999999,512.8006875,0.07999999999992724,0.01999999999998181,-7.1467166,True,True,False,False,False,damma
31,30,35,35,ّ,ّ,512.8606874999999,513.0606875,512.8806875,0.20000000000004547,0.020000000000095497,-11.403335,False,False,False,False,False,damma
31,30,36,36,ُ,ُ,513.0606875,513.1806875,513.0806875,0.12000000000000455,0.01999999999998181,-0.120317444,False,False,False,False,False,fatha
31,30,37,37, ,|,513.1806875,513.2406875,513.2206874999999,0.06000000000005912,0.03999999999996362,-0.35942173,False,False,False,False,False,fatha
31,30,38,38,و,و,513.2406875,513.3006875,513.2606875,0.05999999999994543,0.01999999999998181,-0.0063799517,False,False,False,False,False,fatha
31,30,39,39,َ,َ,513.3006875,513.4606875,513.3406875,0.15999999999996817,0.03999999999996362,-0.07986464,False,False,False,False,False,fatha
31,30,40,40,أ,أ,513.4606875,513.5006875,513.4806874999999,0.04000000000007731,0.01999999999998181,-4.708656e-05,False,False,False,False,False,fatha
31,30,41,41,َ,َ,513.5006875,514.2006875,513.5406875,0.6999999999999318,0.03999999999996362,-0.105032265,False,True,False,False,False,fatha
31,30,42,42,ن,ن,514.2006875,514.2406875,514.2206874999999,0.04000000000007731,0.01999999999998181,-1.9311718e-05,False,True,False,False,False,fatha
31,30,43,43,ّ,ّ,514.2406875,514.2806875,514.2606875,0.03999999999996362,0.01999999999998181,-0.39447215,False,False,False,False,False,fatha
31,30,44,44,َ,َ,514.2806875,514.3406875,514.3006875,0.05999999999994543,0.01999999999998181,-0.0016454028,False,False,False,False,False,fatha
31,30,45,45, ,|,514.3406875,514.3806875,514.3806875,0.04000000000007731,0.04000000000007731,-0.00058324734,False,False,False,False,False,fatha
31,30,46,46,م,م,514.3806875,514.4006875,514.4006875,0.01999999999998181,0.01999999999998181,-13.431048,False,False,False,False,False,fatha
31,30,47,47,َ,َ,514.4006875,514.4206875,514.4206875,0.01999999999998181,0.01999999999998181,-16.677801,False,False,False,False,False,none
31,30,48,48,ا,ا,514.4206875,514.4606875,514.4406875,0.03999999999996362,0.01999999999998181,-0.240425,False,False,False,False,False,fatha
31,30,49,49, ,|,514.4606875,514.6806875,514.4806874999999,0.22000000000002728,0.01999999999998181,-16.70521,False,False,False,False,False,fatha
31,30,50,50,ي,ي,514.6806875,514.7606875,514.7006875,0.08000000000004093,0.01999999999998181,-11.685718,False,False,False,False,False,fatha
31,30,51,51,َ,َ,514.7606875,515.0406875,514.8006875,0.2799999999999727,0.03999999999996362,-0.12702507,False,False,False,False,True,sukun
31,30,52,52,د,د,515.0406875,515.1806875,515.0606875,0.13999999999998636,0.01999999999998181,-17.494148,False,False,False,False,True,sukun
31,30,53,53,ْ,ْ,515.1806875,515.2006875,515.2006875,0.01999999999998181,0.01999999999998181,-14.314557,False,False,False,False,False,damma
31,30,54,54,ع,ع,515.2006875,515.3406875,515.2206874999999,0.13999999999998636,0.01999999999998181,-17.357466,False,False,False,False,False,damma
31,30,55,55,ُ,ُ,515.3406875,515.4806874999999,515.3806875,0.13999999999998636,0.04000000000007731,-0.013505333,False,False,False,False,False,fatha
31,30,56,56,و,و,515.4806874999999,515.5406875,515.5206875,0.06000000000005912,0.04000000000007731,-0.0003574436,False,False,False,False,False,fatha
31,30,57,57,ن,ن,515.5406875,515.5606875,515.5606875,0.01999999999998181,0.01999999999998181,-16.432125,False,False,False,False,False,fatha
31,30,58,58,َ,َ,515.5606875,515.6006874999999,515.5806875,0.03999999999996362,0.01999999999998181,-0.014052374,False,False,False,False,False,kasra
31,30,59,59, ,|,515.6006874999999,515.6806875,515.6406875,0.08000000000004093,0.04000000000007731,-8.362048e-05,False,False,False,False,False,kasra
31,30,60,60,م,م,515.6806875,515.7006875,515.7006875,0.01999999999998181,0.01999999999998181,-11.330082,False,False,False,False,False,kasra
31,30,61,61,ِ,ِ,515.7006875,515.8006875,515.7206874999999,0.10000000000002274,0.01999999999998181,-12.102074,False,False,False,False,False,none
31,30,62,62,ن,ن,515.8006875,515.8606874999999,515.8206875,0.05999999999994543,0.01999999999998181,-7.5571394,False,False,False,False,False,damma
31,30,63,63, ,|,515.8606874999999,515.8806875,515.8806875,0.020000000000095497,0.020000000000095497,-5.607398,False,False,False,False,False,damma
31,30,64,64,د,د,515.8806875,515.9006875,515.9006875,0.01999999999998181,0.01999999999998181,-10.124556,False,False,False,False,False,damma
31,30,65,65,ُ,ُ,515.9006875,515.9406875,515.9206875,0.03999999999996362,0.01999999999998181,-7.2017636,False,False,False,False,False,kasra
31,30,66,66,و,و,515.9406875,516.1606875,515.9606875,0.22000000000002728,0.01999999999998181,-8.64459,False,False,False,False,False,kasra
31,30,67,67,ن,ن,516.1606875,516.2006875,516.1806875,0.03999999999996362,0.01999999999998181,-5.5168166,False,False,False,False,False,kasra
31,30,68,68,ِ,ِ,516.2006875,516.5206875,516.2406875,0.32000000000005,0.04000000000007731,-0.088408746,False,False,False,False,False,kasra
31,30,69,69,ه,ه,516.5206875,516.6006874999999,516.5406875,0.07999999999992724,0.01999999999998181,-8.449009,False,False,False,False,False,kasra
31,30,70,70,ِ,ِ,516.6006874999999,516.6806875,516.6206875,0.08000000000004093,0.020000000000095497,-8.484335,False,False,False,False,False,none
31,30,71,71, ,|,516.6806875,516.7206874999999,516.7206874999999,0.03999999999996362,0.03999999999996362,-0.34273908,False,False,False,False,False,sukun
31,30,72,72,ٱ,ا,516.7206874999999,516.7806875,516.7606875,0.06000000000005912,0.04000000000007731,-0.055505984,False,False,False,False,True,sukun
31,30,73,73,ل,ل,516.7806875,516.8406875,516.8006875,0.05999999999994543,0.01999999999998181,-2.5510462e-05,False,False,False,False,True,sukun
31,30,74,74,ْ,ْ,516.8406875,517.0006875,516.8806875,0.16000000000008185,0.04000000000007731,-0.43538797,False,False,True,False,False,fatha
31,30,75,75,ب,ب,517.0006875,517.0606875,517.0206875,0.05999999999994543,0.01999999999998181,-12.85939,False,False,True,False,False,fatha
31,30,76,76,َ,َ,517.0606875,517.2406875,517.1006874999999,0.18000000000006366,0.03999999999996362,-0.06566056,False,False,True,False,False,none
31,30,77,78,ٰ,ا,517.2406875,517.7606875,517.2606875,0.5199999999999818,0.01999999999998181,-11.235586,False,False,False,False,False,kasra
31,30,78,79,ط,ط,517.7606875,517.8206875,517.7806875,0.05999999999994543,0.01999999999998181,-12.326991,True,False,False,False,False,kasra
31,30,79,80,ِ,ِ,517.8206875,519.3606874999999,517.8406875,1.5399999999999636,0.01999999999998181,-5.4068356,False,False,False,False,False,damma
31,30,80,81,ل,ل,519.3606874999999,519.5206875,519.3806875,0.16000000000008185,0.020000000000095497,-3.5762723e-06,False,False,False,False,False,damma
31,30,81,82,ُ,ُ,519.5206875,519.6406875,519.5406875,0.12000000000000455,0.01999999999998181,-16.406746,False,False,False,False,False,fatha
31,30,82,83, ,|,519.6406875,519.9806874999999,519.6806875,0.33999999999991815,0.03999999999996362,-2.3245437e-05,False,False,False,False,False,fatha
31,30,83,84,و,و,519.9806874999999,520.0406875,520.0006875,0.06000000000005912,0.020000000000095497,-13.257846,False,False,False,False,False,fatha
31,30,84,85,َ,َ,520.0406875,520.1806875,520.0606875,0.13999999999998636,0.01999999999998181,-0.0010203876,False,False,False,False,False,fatha
31,30,85,86,أ,أ,520.1806875,520.2406875,520.2006875,0.06000000000005912,0.01999999999998181,-2.0980615e-05,False,False,False,False,False,fatha
31,30,86,87,َ,َ,520.2406875,521.0806875,520.2806875,0.8399999999999181,0.03999999999996362,-0.01656327,False,True,False,False,False,fatha
31,30,87,88,ن,ن,521.0806875,521.1206875,521.1006874999999,0.04000000000007731,0.01999999999998181,-9.536698e-06,False,True,False,False,False,fatha
31,30,88,89,ّ,ّ,521.1206875,521.1606875,521.1406875,0.03999999999996362,0.01999999999998181,-0.026929244,False,False,False,False,False,fatha
31,30,89,90,َ,َ,521.1606875,521.2206874999999,521.1806875,0.05999999999994543,0.01999999999998181,-0.0004858982,False,False,False,False,False,none
31,30,90,91, ,|,521.2206874999999,521.2806875,521.2606875,0.06000000000005912,0.04000000000007731,-0.09842302,False,False,False,False,False,none
31,30,91,92,ٱ,ا,521.2806875,521.3606874999999,521.3006875,0.07999999999992724,0.01999999999998181,-3.0262837,False,False,False,False,False,none
31,30,92,93,ل,ل,521.3606874999999,521.7606875,521.3806875,0.40000000000009095,0.020000000000095497,-1.8954097e-05,False,True,False,False,False,fatha
31,30,93,94,ل,ل,521.7606875,521.9206875,521.8006875,0.15999999999996817,0.03999999999996362,-9.238109e-05,False,True,False,False,False,fatha
31,30,94,95,ّ,ّ,521.9206875,522.0006875,521.9406875,0.08000000000004093,0.01999999999998181,-15.012716,False,False,False,False,False,fatha
31,30,95,96,َ,َ,522.0006875,522.1806875,522.0206875,0.17999999999994998,0.01999999999998181,-0.00036471392,False,False,False,False,False,fatha
31,30,96,97,ه,ه,522.1806875,522.2406875,522.2006875,0.06000000000005912,0.01999999999998181,-13.269549,False,False,False,False,False,fatha
31,30,97,98,َ,َ,522.2406875,522.3006875,522.2606875,0.05999999999994543,0.01999999999998181,-0.00076812797,False,False,False,False,False,damma
31,30,98,99, ,|,522.3006875,522.5806875,522.3206875,0.2799999999999727,0.01999999999998181,-1.0285434,False,False,False,False,False,damma
31,30,99,100,ه,ه,522.5806875,522.6406875,522.6006874999999,0.06000000000005912,0.01999999999998181,-12.282543,False,False,False,False,False,damma
31,30,100,101,ُ,ُ,522.6406875,522.7006875,522.6606875,0.05999999999994543,0.01999999999998181,-12.085822,False,False,False,False,False,fatha
31,30,101,102,و,و,522.7006875,522.9406875,522.7206874999999,0.2400000000000091,0.01999999999998181,-10.014132,False,False,False,False,False,fatha
31,30,102,103,َ,َ,522.9406875,523.1006874999999,522.9606875,0.15999999999996817,0.01999999999998181,-16.01005,False,False,False,False,False,none
31,30,103,104, ,|,523.1006874999999,523.1606875,523.1606875,0.06000000000005912,0.06000000000005912,-0.0037916526,False,False,False,False,False,sukun
31,30,104,105,ٱ,ا,523.1606875,523.2206874999999,523.2006875,0.05999999999994543,0.03999999999996362,-0.043746702,False,False,False,False,True,sukun
31,30,105,106,ل,ل,523.2206874999999,523.2806875,523.2406875,0.06000000000005912,0.020000000000095497,-2.8610189e-06,False,False,False,False,True,sukun
31,30,106,107,ْ,ْ,523.2806875,523.3606874999999,523.3006875,0.07999999999992724,0.01999999999998181,-0.5105455,False,False,False,False,False,fatha
31,30,107,108,ع,ع,523.3606874999999,523.4206875,523.3806875,0.06000000000005912,0.020000000000095497,-15.633118,False,False,False,False,False,fatha
31,30,108,109,َ,َ,523.4206875,523.6206875,523.4406875,0.20000000000004547,0.01999999999998181,-0.0030934596,False,False,False,False,False,kasra
31,30,109,110,ل,ل,523.6206875,523.6806875,523.6406875,0.05999999999994543,0.01999999999998181,-12.40469,False,False,False,False,False,kasra
31,30,110,111,ِ,ِ,523.6806875,523.7806875,523.7006875,0.10000000000002274,0.01999999999998181,-11.509203,False,True,False,False,False,damma
31,30,111,112,ى,ى,523.7806875,523.8006875,523.8006875,0.01999999999998181,0.01999999999998181,-12.03499,False,True,False,False,False,damma
31,30,112,113,ّ,ّ,523.8006875,523.8206875,523.8206875,0.01999999999998181,0.01999999999998181,-11.584475,False,False,False,False,False,damma
31,30,113,114,ُ,ُ,523.8206875,523.8806875,523.8406875,0.06000000000005912,0.01999999999998181,-10.299005,False,False,False,False,False,none
31,30,114,115, ,|,523.8806875,523.9606875,523.9406875,0.07999999999992724,0.05999999999994543,-0.023600824,False,False,False,False,False,sukun
31,30,115,116,ٱ,ا,523.9606875,523.9806874999999,523.9806874999999,0.01999999999998181,0.01999999999998181,-9.199697,False,False,False,False,True,sukun
31,30,116,117,ل,ل,523.9806874999999,524.2006875,524.0006875,0.22000000000002728,0.020000000000095497,-6.3947763,False,False,False,False,True,sukun
31,30,117,118,ْ,ْ,524.2006875,524.2806875,524.2206874999999,0.08000000000004093,0.01999999999998181,-1.2280111,False,False,False,False,False,fatha
31,30,118,119,ك,ك,524.2806875,524.3206875,524.3006875,0.03999999999996362,0.01999999999998181,-10.084773,False,False,False,False,False,fatha
31,30,119,120,َ,َ,524.3206875,524.4406875,524.3406875,0.12000000000000455,0.01999999999998181,-0.75028473,False,False,False,False,False,kasra
31,30,120,121,ب,ب,524.4406875,524.4806874999999,524.4606875,0.03999999999996362,0.01999999999998181,-7.406339,False,False,False,False,False,kasra
31,30,121,122,ِ,ِ,524.4806874999999,524.5006875,524.5006875,0.020000000000095497,0.020000000000095497,-5.989237,False,False,False,False,False,damma
31,30,122,123,ي,ي,524.5006875,524.5206875,524.5206875,0.01999999999998181,0.01999999999998181,-11.355334,False,False,False,False,False,damma
31,30,123,124,ر,ر,524.5206875,524.5406875,524.5406875,0.01999999999998181,0.01999999999998181,-7.0110908,False,False,False,False,False,damma
31,30,124,125,ُ,ُ,524.5406875,524.5766875,524.5606875,0.03600000000005821,0.01999999999998181,-11.122291,False,False,False,False,False,none
31,31,0,0,أ,أ,524.3766875,524.3966875,524.3966875,0.01999999999998181,0.01999999999998181,-10.335408,False,False,False,False,False,fatha
31,31,1,1,َ,َ,524.3966875,524.4166875,524.4166875,0.01999999999998181,0.01999999999998181,-9.328349,False,False,False,False,False,fatha
31,31,2,2,ل,ل,524.4166875,524.4366875,524.4366875,0.01999999999998181,0.01999999999998181,-11.681623,False,False,False,False,False,fatha
31,31,3,3,َ,َ,524.4366875,524.5766875,524.4566875,0.14000000000010004,0.020000000000095497,-11.494139,False,False,False,False,True,sukun
31,31,4,4,م,م,524.5766875,524.5966875,524.5966875,0.01999999999998181,0.01999999999998181,-2.2291888e-05,False,False,False,False,True,sukun
31,31,5,5,ْ,ْ,524.5966875,524.6166875,524.6166875,0.01999999999998181,0.01999999999998181,-11.73311,False,False,False,False,False,fatha
31,31,6,6, ,|,524.6166875,524.6366875,524.6366875,0.01999999999998181,0.01999999999998181,-14.321038,False,False,False,False,False,fatha
31,31,7,7,ت,ت,524.6366875,524.6566875,524.6566875,0.01999999999998181,0.01999999999998181,-11.808024,False,False,False,False,False,fatha
31,31,8,8,َ,َ,524.6566875,524.8366875,524.6766875,0.18000000000006366,0.01999999999998181,-0.00056143734,False,False,False,False,False,fatha
31,31,9,9,ر,ر,524.8366875,524.8966875,524.8566875,0.05999999999994543,0.01999999999998181,-11.704076,False,False,False,False,False,fatha
31,31,10,10,َ,َ,524.8966875,524.9166875,524.9166875,0.01999999999998181,0.01999999999998181,-11.843177,False,False,False,False,False,fatha
31,31,11,11, ,|,524.9166875,525.0566875,524.9766875,0.13999999999998636,0.06000000000005912,-0.0005475479,False,False,False,False,False,fatha
31,31,12,12,أ,أ,525.0566875,525.2566875,525.0766875,0.20000000000004547,0.020000000000095497,-16.293299,False,False,False,False,False,fatha
31,31,13,13,َ,َ,525.2566875,525.2766875,525.2766875,0.01999999999998181,0.01999999999998181,-12.283833,False,True,False,False,False,fatha
31,31,14,14,ن,ن,525.2766875,525.2966875,525.2966875,0.01999999999998181,0.01999999999998181,-11.404339,False,True,False,False,False,fatha
31,31,15,15,ّ,ّ,525.2966875,525.3366875,525.3366875,0.04000000000007731,0.04000000000007731,-0.00843668,False,False,False,False,False,fatha
31,31,16,16,َ,َ,525.3366875,525.7766875,525.3766875,0.4399999999999409,0.03999999999996362,-0.149998,False,False,False,False,False,none
31,31,17,17, ,|,525.7766875,525.8166875000001,525.8166875000001,0.04000000000007731,0.04000000000007731,-0.019912422,False,False,False,False,False,sukun
31,31,18,18,ٱ,ا,525.8166875000001,525.8566875,525.8366875,0.03999999999996362,0.01999999999998181,-8.774147,False,False,False,False,True,sukun
31,31,19,19,ل,ل,525.8566875,525.9966875,525.8766875,0.13999999999998636,0.01999999999998181,-6.564476,False,False,False,False,True,sukun
31,31,20,20,ْ,ْ,525.9966875,526.0766875,526.0166875,0.08000000000004093,0.01999999999998181,-8.799116,False,False,False,False,False,damma
31,31,21,21,ف,ف,526.0766875,526.1566875,526.0966875,0.07999999999992724,0.01999999999998181,-14.739585,False,False,False,False,False,damma
31,31,22,22,ُ,ُ,526.1566875,526.2966875,526.1766875,0.13999999999998636,0.01999999999998181,-0.0032530506,False,False,False,False,True,sukun
31,31,23,23,ل,ل,526.2966875,526.3566875,526.3166875000001,0.06000000000005912,0.020000000000095497,-0.084259465,False,False,False,False,True,sukun
31,31,24,24,ْ,ْ,526.3566875,526.4766875,526.3766875,0.12000000000000455,0.01999999999998181,-7.527414,False,False,False,False,False,fatha
31,31,25,25,ك,ك,526.4766875,526.5566875,526.4966875,0.07999999999992724,0.01999999999998181,-16.282269,False,False,False,False,False,fatha
31,31,26,26,َ,َ,526.5566875,526.5766875,526.5766875,0.020000000000095497,0.020000000000095497,-0.0011004113,False,False,False,False,False,fatha
31,31,27,27, ,|,526.5766875,526.7566875,526.5966875,0.17999999999994998,0.01999999999998181,-14.388834,False,False,False,False,False,fatha
31,31,28,28,ت,ت,526.7566875,526.8366875,526.7766875,0.08000000000004093,0.01999999999998181,-16.578152,False,False,False,False,False,fatha
31,31,29,29,َ,َ,526.8366875,527.0366875,526.8566875,0.1999999999999318,0.01999999999998181,-10.234667,False,False,False,False,True,sukun
31,31,30,30,ج,ج,527.0366875,527.5366875,527.0566875,0.5,0.01999999999998181,-13.532299,False,False,False,False,True,sukun
31,31,31,31,ْ,ْ,527.5366875,527.5566875,527.5566875,0.01999999999998181,0.01999999999998181,-5.733804,False,False,False,False,False,kasra
31,31,32,32,ر,ر,527.5566875,527.5766875,527.5766875,0.020000000000095497,0.020000000000095497,-16.2239,False,False,False,False,False,kasra
31,31,33,33,ِ,ِ,527.5766875,527.5966875,527.5966875,0.01999999999998181,0.01999999999998181,-10.981301,False,False,False,False,False,none
31,31,34,34,ى,ى,527.5966875,527.6166875,527.6166875,0.01999999999998181,0.01999999999998181,-13.694812,False,False,False,False,False,kasra
31,31,35,35, ,|,527.6166875,527.6966875,527.6366875,0.08000000000004093,0.01999999999998181,-0.016066844,False,False,False,False,False,kasra
31,31,36,36,ف,ف,527.6966875,527.7566875,527.7166875,0.05999999999994543,0.01999999999998181,-12.779432,False,False,False,False,False,kasra
31,31,37,37,ِ,ِ,527.7566875,527.9166875,527.7966875,0.15999999999996817,0.03999999999996362,-0.0049531646,False,False,False,False,False,none
31,31,38,38,ى,ى,527.9166875,528.0166875,527.9366875,0.10000000000002274,0.01999999999998181,-18.150461,False,False,False,False,False,none
31,31,39,39, ,|,528.0166875,528.0366875,528.0366875,0.01999999999998181,0.01999999999998181,-0.21348132,False,False,False,False,False,sukun
31,31,40,40,ٱ,ا,528.0366875,528.0566875,528.0566875,0.01999999999998181,0.01999999999998181,-12.369739,False,False,False,False,True,sukun
31,31,41,41,ل,ل,528.0566875,528.1166875,528.0766875,0.06000000000005912,0.020000000000095497,-13.728726,False,False,False,False,True,sukun
31,31,42,42,ْ,ْ,528.1166875,528.4966875,528.1366875,0.37999999999999545,0.01999999999998181,-16.368196,False,False,False,False,False,fatha
31,31,43,43,ب,ب,528.4966875,528.6366875,528.5166875,0.13999999999998636,0.01999999999998181,-16.391624,False,False,False,False,False,fatha
31,31,44,44,َ,َ,528.6366875,528.9366875,528.6566875,0.2999999999999545,0.01999999999998181,-14.474733,False,False,False,False,True,sukun
31,31,45,45,ح,ح,528.9366875,529.0166875,528.9566875,0.08000000000004093,0.020000000000095497,-15.342308,False,False,False,False,True,sukun
31,31,46,46,ْ,ْ,529.0166875,529.1166875,529.0366875,0.10000000000002274,0.01999999999998181,-14.168883,False,False,False,False,False,kasra
31,31,47,47,ر,ر,529.1166875,529.1766875,529.1366875,0.05999999999994543,0.01999999999998181,-10.510264,False,False,False,False,False,kasra
31,31,48,48,ِ,ِ,529.1766875,529.9966875,529.1966875,0.82000000000005,0.020000000000095497,-0.08615257,False,False,False,False,False,kasra
31,31,49,49, ,|,529.9966875,530.1366875,530.0766875,0.13999999999998636,0.08000000000004093,-0.10154345,False,False,False,False,False,kasra
31,31,50,50,ب,ب,530.1366875,530.1766875,530.1566875,0.03999999999996362,0.01999999999998181,-11.654671,False,False,False,False,False,kasra
31,31,51,51,ِ,ِ,530.1766875,530.8766875,530.2166875,0.7000000000000455,0.04000000000007731,-0.028388023,False,False,False,False,False,kasra
31,31,52,52,ن,ن,530.8766875,530.9766875,530.9166875,0.10000000000002274,0.03999999999996362,-0.03888562,False,False,False,False,False,kasra
31,31,53,53,ِ,ِ,530.9766875,531.0166875,530.9966875,0.03999999999996362,0.01999999999998181,-11.241273,False,False,False,False,True,sukun
31,31,54,54,ع,ع,531.0166875,531.0366875,531.0366875,0.01999999999998181,0.01999999999998181,-15.766202,False,False,False,False,True,sukun
31,31,55,55,ْ,ْ,531.0366875,531.1366875,531.0566875,0.10000000000002274,0.01999999999998181,-15.880132,False,False,False,False,False,fatha
31,31,56,56,م,م,531.1366875,531.1966875,531.1566875,0.06000000000005912,0.01999999999998181,-8.445927,False,False,False,False,False,fatha
31,31,57,57,َ,َ,531.1966875,531.3166875000001,531.2166875,0.12000000000000455,0.01999999999998181,-3.0560722,False,False,False,False,False,kasra
31,31,58,58,ت,ت,531.3166875000001,531.4366875,531.3366875,0.11999999999989086,0.01999999999998181,-17.625076,False,False,False,False,False,kasra
31,31,59,59,ِ,ِ,531.4366875,531.4566875,531.4566875,0.020000000000095497,0.020000000000095497,-11.965517,False,False,False,False,False,none
31,31,60,60, ,|,531.4566875,531.5366875,531.4766875,0.07999999999992724,0.01999999999998181,-0.005419088,False,False,False,False,False,none
31,31,61,61,ٱ,ا,531.5366875,531.9166875,531.5566875,0.37999999999999545,0.01999999999998181,-12.091617,False,False,False,False,False,none
31,31,62,62,ل,ل,531.9166875,531.9766875,531.9366875,0.06000000000005912,0.01999999999998181,-2.4318399e-05,False,True,False,False,False,fatha
31,31,63,63,ل,ل,531.9766875,532.1366875,531.9966875,0.15999999999996817,0.01999999999998181,-14.471008,False,True,False,False,False,fatha
31,31,64,64,ّ,ّ,532.1366875,532.1966875,532.1566875,0.06000000000005912,0.01999999999998181,-16.06105,False,False,False,False,False,fatha
31,31,65,65,َ,َ,532.1966875,532.2566875,532.2366875,0.05999999999994543,0.03999999999996362,-0.0046845702,False,False,False,False,False,kasra
31,31,66,66,ه,ه,532.2566875,532.2766875,532.2766875,0.01999999999998181,0.01999999999998181,-15.071059,False,False,False,False,False,kasra
31,31,67,67,ِ,ِ,532.2766875,532.2966875,532.2966875,0.01999999999998181,0.01999999999998181,-14.662216,False,False,False,False,False,kasra
31,31,68,68, ,|,532.2966875,532.3566875,532.3166875000001,0.06000000000005912,0.020000000000095497,-0.00016366097,False,False,False,False,False,kasra
31,31,69,69,ل,ل,532.3566875,532.5766875,532.3766875,0.22000000000002728,0.01999999999998181,-1.4543428e-05,False,False,False,False,False,kasra
31,31,70,70,ِ,ِ,532.5766875,532.9566875,532.5966875,0.37999999999999545,0.01999999999998181,-16.497128,False,False,False,False,False,damma
31,31,71,71,ي,ي,532.9566875,533.0766875,532.9766875,0.12000000000000455,0.01999999999998181,-1.060957e-05,False,False,False,False,False,damma
31,31,72,72,ُ,ُ,533.0766875,533.3566875,533.0966875,0.2799999999999727,0.01999999999998181,-17.343908,False,False,False,False,False,kasra
31,31,73,73,ر,ر,533.3566875,533.4366875,533.3766875,0.07999999999992724,0.01999999999998181,-12.962401,False,False,False,False,False,kasra
31,31,74,74,ِ,ِ,533.4366875,533.7766875,533.4566875,0.34000000000003183,0.020000000000095497,-7.9379163,False,False,False,False,False,fatha
31,31,75,75,ي,ي,533.7766875,533.8566875,533.7966875,0.08000000000004093,0.01999999999998181,-13.281263,False,False,False,False,False,fatha
31,31,76,76,َ,َ,533.8566875,534.0366875,533.8766875,0.17999999999994998,0.01999999999998181,-11.683859,False,False,False,False,False,damma
31,31,77,77,ك,ك,534.0366875,534.0766875,534.0566875,0.04000000000007731,0.01999999999998181,-1.0251946e-05,False,False,False,False,False,damma
31,31,78,78,ُ,ُ,534.0766875,534.0966875,534.0966875,0.01999999999998181,0.01999999999998181,-0.18901451,False,False,False,False,False,none
31,31,79,79,م,م,534.0966875,534.2966875,534.1166875,0.1999999999999318,0.01999999999998181,-14.8557,False,False,False,False,False,none
31,31,80,80, ,|,534.2966875,534.3966875,534.3166875000001,0.10000000000002274,0.020000000000095497,-10.414108,False,True,False,False,False,kasra
31,31,81,81,م,م,534.3966875,534.4366875,534.4166875,0.03999999999996362,0.01999999999998181,-14.145031,False,True,False,False,False,kasra
31,31,82,82,ّ,ّ,534.4366875,534.4766875,534.4766875,0.04000000000007731,0.04000000000007731,-0.011919256,False,False,False,False,False,kasra
31,31,83,83,ِ,ِ,534.4766875,534.4966875,534.4966875,0.01999999999998181,0.01999999999998181,-0.00022349245,False,False,False,False,True,sukun
31,31,84,84,ن,ن,534.4966875,534.5166875,534.5166875,0.01999999999998181,0.01999999999998181,-16.0433,False,False,False,False,True,sukun
31,31,85,85,ْ,ْ,534.5166875,534.5366875,534.5366875,0.01999999999998181,0.01999999999998181,-16.80214,False,False,False,False,False,fatha
31,31,86,86, ,|,534.5366875,534.6566875,534.5566875,0.12000000000000455,0.01999999999998181,-0.0014261561,False,False,False,False,False,fatha
31,31,87,87,ء,ء,534.6566875,534.7566875,534.6766875,0.10000000000002274,0.01999999999998181,-15.750117,False,False,False,False,False,fatha
31,31,88,88,َ,َ,534.7566875,535.0766875,534.7766875,0.32000000000005,0.01999999999998181,-9.345572e-05,False,False,False,False,False,fatha
31,31,89,89,ا,ا,535.0766875,535.1366875,535.0966875,0.05999999999994543,0.01999999999998181,-14.727952,False,False,True,False,False,fatha
31,31,90,90,ي,ي,535.1366875,535.1766875,535.1566875,0.03999999999996362,0.01999999999998181,-15.202473,False,False,True,False,False,fatha
31,31,91,91,َ,َ,535.1766875,535.2566875,535.1966875,0.08000000000004093,0.020000000000095497,-0.033059016,False,False,True,False,False,none
31,31,92,93,ٰ,ا,535.2566875,535.5166875,535.2766875,0.2599999999999909,0.01999999999998181,-0.0034634625,False,False,False,False,False,kasra
31,31,93,94,ت,ت,535.5166875,535.5766875,535.5366875,0.06000000000005912,0.01999999999998181,-13.912725,False,False,False,False,False,kasra
31,31,94,95,ِ,ِ,535.5766875,535.5966875,535.5966875,0.01999999999998181,0.01999999999998181,-6.7322145,False,False,False,True,False,kasra
31,31,95,96,ه,ه,535.5966875,535.7166875,535.6166875,0.12000000000000455,0.01999999999998181,-14.423218,False,False,False,True,False,kasra
31,31,96,97,ِ,ِ,535.7166875,535.7366875,535.7366875,0.01999999999998181,0.01999999999998181,-13.704082,False,False,False,True,False,none
31,31,97,99,ٓ,ا,535.7366875,535.7566875,535.7566875,0.01999999999998181,0.01999999999998181,-6.8081665,False,False,False,False,False,none
31,31,98,100, ,|,535.7566875,535.8166875000001,535.7766875,0.06000000000005912,0.01999999999998181,-1.2065481,False,False,False,False,False,none
31,31,99,103,إ,إ,535.8166875000001,535.8966875,535.8366875,0.07999999999992724,0.01999999999998181,-4.928583,False,False,False,False,False,kasra
31,31,100,104,ِ,ِ,535.8966875,536.1766875,535.9166875,0.2799999999999727,0.01999999999998181,-6.6979156,False,True,False,False,False,fatha
31,31,101,105,ن,ن,536.1766875,536.3766875,536.1966875,0.20000000000004547,0.020000000000095497,-0.0834498,False,True,False,False,False,fatha
31,31,102,106,ّ,ّ,536.3766875,536.4366875,536.3966875,0.05999999999994543,0.01999999999998181,-14.664116,False,False,False,False,False,fatha
31,31,103,107,َ,َ,536.4366875,536.4566875,536.4566875,0.020000000000095497,0.020000000000095497,-0.60028094,False,False,False,False,False,kasra
31,31,104,108, ,|,536.4566875,536.6766875,536.4766875,0.2199999999999136,0.01999999999998181,-12.387964,False,False,False,False,False,kasra
31,31,105,109,ف,ف,536.6766875,536.7366875,536.6966875,0.06000000000005912,0.020000000000095497,-5.425825,False,False,False,False,False,kasra
31,31,106,110,ِ,ِ,536.7366875,536.8366875,536.7566875,0.10000000000002274,0.01999999999998181,-9.329609,False,False,False,False,False,none
31,31,107,111,ى,ى,536.8366875,538.2166875,536.8566875,1.3799999999999955,0.01999999999998181,-13.390058,False,False,True,False,False,fatha
31,31,108,112, ,|,538.2166875,538.3566875,538.2966875,0.13999999999998636,0.07999999999992724,-0.07282842,False,False,True,False,False,fatha
31,31,109,113,ذ,ذ,538.3566875,538.3966875,538.3766875,0.03999999999996362,0.01999999999998181,-17.027365,False,False,True,False,False,fatha
31,31,110,114,َ,َ,538.3966875,538.4166875,538.4166875,0.01999999999998181,0.01999999999998181,-0.034180343,False,False,True,False,False,kasra
31,31,111,115,ٰ,ا,538.4166875,538.5366875,538.4366875,0.12000000000000455,0.01999999999998181,-15.2171955,False,False,False,False,False,kasra
31,31,112,116,ل,ل,538.5366875,538.5766875,538.5566875,0.04000000000007731,0.01999999999998181,-12.472802,False,False,False,False,False,kasra
31,31,113,117,ِ,ِ,538.5766875,538.7166875,538.6366875,0.13999999999998636,0.05999999999994543,-0.010503325,False,False,False,False,False,fatha
31,31,114,118,ك,ك,538.7166875,538.7966875,538.7366875,0.07999999999992724,0.01999999999998181,-15.109516,False,False,False,False,False,fatha
31,31,115,119,َ,َ,538.7966875,539.0166875,538.8166875000001,0.22000000000002728,0.020000000000095497,-0.4987725,False,False,False,False,False,fatha
31,31,116,120, ,|,539.0166875,539.1566875,539.0566875,0.13999999999998636,0.03999999999996362,-0.0017422029,False,False,False,False,False,fatha
31,31,117,121,ل,ل,539.1566875,539.2166875,539.1766875,0.06000000000005912,0.01999999999998181,-14.783708,False,False,False,False,False,fatha
31,31,118,122,َ,َ,539.2166875,539.3566875,539.2366875,0.13999999999998636,0.01999999999998181,-0.000763125,False,False,False,False,False,fatha
31,31,119,125,َ,َ,539.3566875,539.4366875,539.3766875,0.07999999999992724,0.01999999999998181,-15.45537,False,False,False,False,False,fatha
31,31,120,126,ا,ا,539.4366875,539.5566875,539.4566875,0.12000000000000455,0.020000000000095497,-13.526069,False,False,True,False,False,fatha
31,31,121,127,ي,ي,539.5566875,539.6366875,539.5966875,0.08000000000004093,0.04000000000007731,-0.25851437,False,False,True,False,False,fatha
31,31,122,128,َ,َ,539.6366875,539.7766875,539.6566875,0.13999999999998636,0.01999999999998181,-0.00032157495,False,False,True,False,False,none
31,31,123,130,ٰ,ا,539.7766875,540.5566875,539.7966875,0.7799999999999727,0.01999999999998181,-12.901178,False,False,False,False,False,tanween
31,31,124,131,ت,ت,540.5566875,540.6366875,540.5766875,0.08000000000004093,0.020000000000095497,-17.087906,False,False,False,False,False,tanween
31,31,125,132,ٍ,ٍ,540.6366875,540.7766875,540.6566875,0.13999999999998636,0.01999999999998181,-15.482584,False,False,False,False,False,none
31,31,126,134, ,|,540.7766875,540.9966875,540.7966875,0.22000000000002728,0.01999999999998181,-15.162128,False,True,False,False,False,kasra
31,31,127,135,ل,ل,540.9966875,541.0966875,541.0166875,0.10000000000002274,0.01999999999998181,-0.009977704,False,True,False,False,False,kasra
31,31,128,136,ّ,ّ,541.0966875,541.7366875,541.1166875,0.6399999999999864,0.01999999999998181,-9.122249,False,False,False,False,False,kasra
31,31,129,137,ِ,ِ,541.7366875,541.8966875,541.7566875,0.15999999999996817,0.01999999999998181,-7.6269274,False,False,False,False,False,damma
31,31,130,138,ك,ك,541.8966875,541.9766875,541.9166875,0.08000000000004093,0.01999999999998181,-4.8159392e-05,False,False,False,False,False,damma
31,31,131,139,ُ,ُ,541.9766875,542.3366875,541.9966875,0.36000000000001364,0.01999999999998181,-9.514064,False,True,False,False,False,kasra
31,31,132,140,ل,ل,542.3366875,542.3766875,542.3566875,0.03999999999996362,0.01999999999998181,-4.9330444,False,True,False,False,False,kasra
31,31,133,141,ّ,ّ,542.3766875,542.4366875,542.4166875,0.05999999999994543,0.03999999999996362,-0.012430577,False,False,False,False,False,kasra
31,31,134,142,ِ,ِ,542.4366875,542.4966875,542.4566875,0.06000000000005912,0.020000000000095497,-1.4477079,False,False,False,False,False,fatha
31,31,135,143, ,|,542.4966875,542.5366875,542.5166875,0.03999999999996362,0.01999999999998181,-5.5742855,False,False,False,False,False,fatha
31,31,136,144,ص,ص,542.5366875,542.5766875,542.5566875,0.04000000000007731,0.01999999999998181,-14.103596,True,False,False,False,False,fatha
31,31,137,145,َ,َ,542.5766875,542.7366875,542.6166875,0.15999999999996817,0.03999999999996362,-0.08157757,False,True,False,False,False,fatha
31,31,138,146,ب,ب,542.7366875,542.9366875,542.7566875,0.1999999999999318,0.01999999999998181,-11.757137,False,True,False,False,False,fatha
31,31,139,147,ّ,ّ,542.9366875,542.9966875,542.9566875,0.06000000000005912,0.020000000000095497,-10.823884,False,False,False,False,False,fatha
31,31,140,148,َ,َ,542.9966875,543.0766875,543.0166875,0.08000000000004093,0.01999999999998181,-1.2878613,False,False,False,False,False,tanween
31,31,141,149,ا,ا,543.0766875,543.1966875,543.0966875,0.12000000000000455,0.01999999999998181,-0.35744622,False,False,False,False,False,tanween
31,31,142,150,ر,ر,543.1966875,543.3766875,543.2166875,0.17999999999994998,0.01999999999998181,-1.6503482,False,False,False,False,False,tanween
31,31,143,151,ٍ,ٍ,543.3766875,543.5566875,543.3966875,0.17999999999994998,0.01999999999998181,-9.7662525,False,False,False,False,False,none
31,31,144,153, ,|,543.5566875,543.8566875,543.5966875,0.3000000000000682,0.04000000000007731,-0.17290364,False,False,False,False,False,fatha
31,31,145,154,ش,ش,543.8566875,543.9566875,543.8766875,0.10000000000002274,0.01999999999998181,-15.184254,False,False,False,False,False,fatha
31,31,146,155,َ,َ,543.9566875,544.2366875,543.9966875,0.2799999999999727,0.03999999999996362,-0.275618,False,False,False,False,False,damma
31,31,147,156,ك,ك,544.2366875,544.5366875,544.2566875,0.2999999999999545,0.01999999999998181,-15.090357,False,False,False,False,False,damma
31,31,148,157,ُ,ُ,544.5366875,544.6766875,544.5566875,0.13999999999998636,0.01999999999998181,-0.00025233423,False,False,False,False,False,tanween
31,31,149,158,و,و,544.6766875,544.7766875,544.6966875,0.10000000000002274,0.020000000000095497,-10.81892,False,False,False,False,False,tanween
31,31,150,159,ر,ر,544.7766875,544.8166875000001,544.7966875,0.04000000000007731,0.01999999999998181,-6.1524286,False,False,False,False,False,tanween
31,31,151,160,ٍ,ٍ,544.8166875000001,544.858875,544.8366875,0.042187499999954525,0.01999999999998181,-7.8729563,False,False,False,False,False,none
31,32,0,0,و,و,544.658875,544.678875,544.678875,0.01999999999998181,0.01999999999998181,-10.336305,False,False,False,False,False,fatha
31,32,1,1,َ,َ,544.678875,544.6988749999999,544.6988749999999,0.01999999999998181,0.01999999999998181,-15.599714,False,False,False,False,False,kasra
31,32,2,2,إ,إ,544.6988749999999,544.7188749999999,544.7188749999999,0.01999999999998181,0.01999999999998181,-11.9304695,False,False,False,False,False,kasra
31,32,3,3,ِ,ِ,544.7188749999999,544.738875,544.738875,0.020000000000095497,0.020000000000095497,-12.942,False,False,False,False,False,fatha
31,32,4,4,ذ,ذ,544.738875,544.758875,544.758875,0.01999999999998181,0.01999999999998181,-16.65304,False,False,False,False,False,fatha
31,32,5,5,َ,َ,544.758875,544.778875,544.778875,0.01999999999998181,0.01999999999998181,-12.771434,False,False,False,False,False,none
31,32,6,6,ا,ا,544.778875,544.798875,544.798875,0.01999999999998181,0.01999999999998181,-14.009933,False,False,False,False,False,fatha
31,32,7,7, ,|,544.798875,544.858875,544.8188749999999,0.06000000000005912,0.01999999999998181,-16.03321,False,False,False,False,False,fatha
31,32,8,8,غ,غ,544.858875,544.878875,544.878875,0.01999999999998181,0.01999999999998181,-16.660175,False,False,False,False,False,fatha
31,32,9,9,َ,َ,544.878875,544.918875,544.898875,0.03999999999996362,0.01999999999998181,-15.633273,False,False,False,False,False,kasra
31,32,10,10,ش,ش,544.918875,544.9388749999999,544.9388749999999,0.01999999999998181,0.01999999999998181,-17.48948,False,False,False,False,False,kasra
31,32,11,11,ِ,ِ,544.9388749999999,544.9588749999999,544.9588749999999,0.01999999999998181,0.01999999999998181,-0.00013445904,False,False,False,False,False,fatha
31,32,12,12,ي,ي,544.9588749999999,545.118875,544.978875,0.16000000000008185,0.020000000000095497,-13.91658,False,False,False,False,False,fatha
31,32,13,13,َ,َ,545.118875,545.138875,545.138875,0.01999999999998181,0.01999999999998181,-14.576195,False,False,False,False,False,damma
31,32,14,14,ه,ه,545.138875,545.158875,545.158875,0.01999999999998181,0.01999999999998181,-17.402164,False,False,False,False,False,damma
31,32,15,15,ُ,ُ,545.158875,545.178875,545.178875,0.01999999999998181,0.01999999999998181,-18.583984,False,False,False,False,False,none
31,32,16,16,م,م,545.178875,545.1988749999999,545.1988749999999,0.01999999999998181,0.01999999999998181,-15.825527,False,False,False,False,False,none
31,32,17,17, ,|,545.1988749999999,545.2188749999999,545.2188749999999,0.01999999999998181,0.01999999999998181,-13.142709,False,True,False,False,False,fatha
31,32,18,18,م,م,545.2188749999999,545.238875,545.238875,0.020000000000095497,0.020000000000095497,-14.921975,False,True,False,False,False,fatha
31,32,19,19,ّ,ّ,545.238875,545.298875,545.258875,0.05999999999994543,0.01999999999998181,-16.335018,False,False,False,False,False,fatha
31,32,20,20,َ,َ,545.298875,545.3188749999999,545.3188749999999,0.01999999999998181,0.01999999999998181,-18.775393,False,False,False,False,True,sukun
31,32,21,21,و,و,545.3188749999999,545.3388749999999,545.3388749999999,0.01999999999998181,0.01999999999998181,-10.455411,False,False,False,False,True,sukun
31,32,22,22,ْ,ْ,545.3388749999999,545.358875,545.358875,0.020000000000095497,0.020000000000095497,-15.721974,False,False,False,False,False,tanween
31,32,23,23,ج,ج,545.358875,545.378875,545.378875,0.01999999999998181,0.01999999999998181,-23.589844,False,False,False,False,False,tanween
31,32,24,24,ٌ,ٌ,545.378875,545.4588749999999,545.398875,0.07999999999992724,0.01999999999998181,-22.640625,False,False,False,False,False,none
31,32,25,26, ,|,545.4588749999999,545.518875,545.478875,0.06000000000005912,0.020000000000095497,-15.115723,False,False,False,False,False,fatha
31,32,26,27,ك,ك,545.518875,545.5788749999999,545.538875,0.05999999999994543,0.01999999999998181,-15.494179,False,False,False,False,False,fatha
31,32,27,28,َ,َ,545.5788749999999,545.598875,545.598875,0.020000000000095497,0.020000000000095497,-0.00044169207,False,False,False,False,False,none
31,32,28,29,ٱ,ا,545.598875,545.618875,545.618875,0.01999999999998181,0.01999999999998181,-13.510776,False,False,False,False,False,none
31,32,29,30,ل,ل,545.618875,545.638875,545.638875,0.01999999999998181,0.01999999999998181,-16.531492,False,True,False,False,False,damma
31,32,30,31,ظ,ظ,545.638875,545.658875,545.658875,0.01999999999998181,0.01999999999998181,-17.064602,True,True,False,False,False,damma
31,32,31,32,ّ,ّ,545.658875,545.678875,545.678875,0.01999999999998181,0.01999999999998181,-16.257858,False,False,False,False,False,damma
31,32,32,33,ُ,ُ,545.678875,545.738875,545.6988749999999,0.06000000000005912,0.01999999999998181,-17.182554,False,False,False,False,False,fatha
31,32,33,34,ل,ل,545.738875,545.758875,545.758875,0.01999999999998181,0.01999999999998181,-1.20400655e-05,False,False,False,False,False,fatha
31,32,34,35,َ,َ,545.758875,545.778875,545.778875,0.01999999999998181,0.01999999999998181,-15.623293,False,False,False,False,False,kasra
31,32,35,36,ل,ل,545.778875,545.798875,545.798875,0.01999999999998181,0.01999999999998181,-14.482615,False,False,False,False,False,kasra
31,32,36,37,ِ,ِ,545.798875,545.8388749999999,545.8188749999999,0.03999999999996362,0.01999999999998181,-9.842257,False,False,False,False,False,fatha
31,32,37,38, ,|,545.8388749999999,545.858875,545.858875,0.020000000000095497,0.020000000000095497,-18.378906,False,False,False,False,False,fatha
31,32,38,39,د,د,545.858875,545.878875,545.878875,0.01999999999998181,0.01999999999998181,-19.433596,False,False,False,False,False,fatha
31,32,39,40,َ,َ,545.878875,545.918875,545.898875,0.03999999999996362,0.01999999999998181,-16.388674,False,False,False,False,False,fatha
31,32,40,41,ع,ع,545.918875,545.978875,545.9388749999999,0.06000000000005912,0.01999999999998181,-14.225686,False,False,False,False,False,fatha
31,32,41,42,َ,َ,545.978875,545.998875,545.998875,0.01999999999998181,0.01999999999998181,-11.815681,False,False,False,False,False,damma
31,32,42,43,و,و,545.998875,546.018875,546.018875,0.01999999999998181,0.01999999999998181,-5.177244,False,False,False,False,False,damma
31,32,43,44,ُ,ُ,546.018875,546.038875,546.038875,0.01999999999998181,0.01999999999998181,-10.42164,False,False,False,False,False,none
31,32,44,45,ا,ا,546.038875,546.058875,546.058875,0.01999999999998181,0.01999999999998181,-11.832061,False,False,False,False,False,none
31,32,45,47, ,|,546.058875,546.098875,546.098875,0.04000000000007731,0.04000000000007731,-0.001689133,False,False,False,False,False,none
31,32,46,48,ٱ,ا,546.098875,546.138875,546.138875,0.03999999999996362,0.03999999999996362,-0.08274326,False,False,False,False,False,none
31,32,47,49,ل,ل,546.138875,546.178875,546.158875,0.03999999999996362,0.01999999999998181,-5.7789245,False,True,False,False,False,fatha
31,32,48,50,ل,ل,546.178875,546.1988749999999,546.1988749999999,0.01999999999998181,0.01999999999998181,-0.0001188446,False,True,False,False,False,fatha
31,32,49,51,ّ,ّ,546.1988749999999,546.2188749999999,546.2188749999999,0.01999999999998181,0.01999999999998181,-14.322717,False,False,False,False,False,fatha
31,32,50,52,َ,َ,546.2188749999999,546.238875,546.238875,0.020000000000095497,0.020000000000095497,-17.061052,False,False,False,False,False,fatha
31,32,51,53,ه,ه,546.238875,546.258875,546.258875,0.01999999999998181,0.01999999999998181,-19.355534,False,False,False,False,False,fatha
31,32,52,54,َ,َ,546.258875,546.278875,546.278875,0.01999999999998181,0.01999999999998181,-18.046875,False,False,False,False,False,damma
31,32,53,55, ,|,546.278875,546.298875,546.298875,0.01999999999998181,0.01999999999998181,-17.304688,False,False,False,False,False,damma
31,32,54,56,م,م,546.298875,546.3388749999999,546.3188749999999,0.03999999999996362,0.01999999999998181,-22.027344,False,False,False,False,False,damma
31,32,55,57,ُ,ُ,546.3388749999999,546.358875,546.358875,0.020000000000095497,0.020000000000095497,-19.677734,False,False,False,False,True,sukun
31,32,56,58,خ,خ,546.358875,546.378875,546.378875,0.01999999999998181,0.01999999999998181,-17.595728,False,False,False,False,True,sukun
31,32,57,59,ْ,ْ,546.378875,546.398875,546.398875,0.01999999999998181,0.01999999999998181,-14.414377,False,False,False,False,False,kasra
31,32,58,60,ل,ل,546.398875,546.418875,546.418875,0.01999999999998181,0.01999999999998181,-14.295781,False,False,False,False,False,kasra
31,32,59,61,ِ,ِ,546.418875,546.4388749999999,546.4388749999999,0.01999999999998181,0.01999999999998181,-4.8829784,False,False,False,False,False,kasra
31,32,60,62,ص,ص,546.4388749999999,546.4588749999999,546.4588749999999,0.01999999999998181,0.01999999999998181,-17.240858,True,False,False,False,False,kasra
31,32,61,63,ِ,ِ,546.4588749999999,546.518875,546.478875,0.06000000000005912,0.020000000000095497,-0.013424718,False,False,False,False,False,fatha
31,32,62,64,ي,ي,546.518875,546.758875,546.538875,0.2400000000000091,0.01999999999998181,-7.474143e-05,False,False,False,False,False,fatha
31,32,63,65,ن,ن,546.758875,546.8188749999999,546.778875,0.05999999999994543,0.01999999999998181,-0.0001038259,False,False,False,False,False,fatha
31,32,64,66,َ,َ,546.8188749999999,546.878875,546.8388749999999,0.06000000000005912,0.01999999999998181,-0.00077813386,False,False,False,False,False,fatha
31,32,65,67, ,|,546.878875,546.998875,546.918875,0.12000000000000455,0.03999999999996362,-7.033092e-05,False,False,False,False,False,fatha
31,32,66,68,ل,ل,546.998875,547.038875,547.018875,0.03999999999996362,0.01999999999998181,-14.617556,False,False,False,False,False,fatha
31,32,67,69,َ,َ,547.038875,547.058875,547.058875,0.01999999999998181,0.01999999999998181,-2.7826262,False,False,False,False,False,damma
31,32,68,70,ه,ه,547.058875,547.0788749999999,547.0788749999999,0.01999999999998181,0.01999999999998181,-16.611803,False,False,False,False,False,damma
31,32,69,71,ُ,ُ,547.0788749999999,547.118875,547.098875,0.04000000000007731,0.020000000000095497,-19.317316,False,False,False,False,False,none
31,32,70,72, ,|,547.118875,547.178875,547.138875,0.05999999999994543,0.01999999999998181,-13.493166,False,False,False,False,False,none
31,32,71,73,ٱ,ا,547.178875,547.1988749999999,547.1988749999999,0.01999999999998181,0.01999999999998181,-16.896595,False,False,False,False,False,none
31,32,72,74,ل,ل,547.1988749999999,547.2188749999999,547.2188749999999,0.01999999999998181,0.01999999999998181,-1.2278481e-05,False,True,False,False,False,kasra
31,32,73,75,د,د,547.2188749999999,547.238875,547.238875,0.020000000000095497,0.020000000000095497,-20.027351,False,True,False,False,False,kasra
31,32,74,76,ّ,ّ,547.238875,547.258875,547.258875,0.01999999999998181,0.01999999999998181,-12.641167,False,False,False,False,False,kasra
31,32,75,77,ِ,ِ,547.258875,547.278875,547.278875,0.01999999999998181,0.01999999999998181,-12.851755,False,False,False,False,False,fatha
31,32,76,78,ي,ي,547.278875,547.358875,547.298875,0.08000000000004093,0.01999999999998181,-18.226772,False,False,False,False,False,fatha
31,32,77,79,ن,ن,547.358875,547.738875,547.378875,0.37999999999999545,0.01999999999998181,-16.92871,False,False,False,False,False,fatha
31,32,78,80,َ,َ,547.738875,547.778875,547.758875,0.03999999999996362,0.01999999999998181,-17.21882,False,False,False,False,False,fatha
31,32,79,81, ,|,547.778875,547.798875,547.798875,0.01999999999998181,0.01999999999998181,-9.191509,False,False,False,False,False,fatha
31,32,80,82,ف,ف,547.798875,547.8188749999999,547.8188749999999,0.01999999999998181,0.01999999999998181,-19.570427,False,False,False,False,False,fatha
31,32,81,83,َ,َ,547.8188749999999,547.918875,547.8388749999999,0.10000000000002274,0.01999999999998181,-17.086054,False,False,False,False,False,fatha
31,32,82,84,ل,ل,547.918875,547.9388749999999,547.9388749999999,0.01999999999998181,0.01999999999998181,-14.869146,False,False,False,False,False,fatha
31,32,83,85,َ,َ,547.9388749999999,547.9588749999999,547.9588749999999,0.01999999999998181,0.01999999999998181,-13.517125,False,True,False,False,False,fatha
31,32,84,86,م,م,547.9588749999999,547.978875,547.978875,0.020000000000095497,0.020000000000095497,-5.4893246,False,True,False,False,False,fatha
31,32,85,87,ّ,ّ,547.978875,548.018875,548.018875,0.03999999999996362,0.03999999999996362,-0.3111636,False,False,False,False,False,fatha
31,32,86,88,َ,َ,548.018875,548.0788749999999,548.038875,0.05999999999994543,0.01999999999998181,-0.0042975456,False,False,False,False,False,none
31,32,87,89,ا,ا,548.0788749999999,548.238875,548.098875,0.16000000000008185,0.020000000000095497,-0.00033277695,False,False,False,False,False,fatha
31,32,88,90, ,|,548.238875,548.3388749999999,548.298875,0.09999999999990905,0.05999999999994543,-0.017391844,False,False,False,False,False,fatha
31,32,89,91,ن,ن,548.3388749999999,548.418875,548.358875,0.08000000000004093,0.020000000000095497,-0.00027009178,False,False,False,False,False,fatha
31,32,90,92,َ,َ,548.418875,548.738875,548.4388749999999,0.32000000000005,0.01999999999998181,-8.105903e-05,False,True,False,False,False,fatha
31,32,91,93,ج,ج,548.738875,548.778875,548.758875,0.03999999999996362,0.01999999999998181,-0.0049462575,False,True,True,False,False,fatha
31,32,92,94,ّ,ّ,548.778875,548.8388749999999,548.8388749999999,0.05999999999994543,0.05999999999994543,-0.16713452,False,False,True,False,False,fatha
31,32,93,95,َ,َ,548.8388749999999,548.858875,548.858875,0.020000000000095497,0.020000000000095497,-0.0002569822,False,False,True,False,False,none
31,32,94,96,ى,ى,548.858875,548.898875,548.878875,0.03999999999996362,0.01999999999998181,-15.998592,False,False,True,False,False,damma
31,32,95,97,ٰ,ا,548.898875,549.138875,548.918875,0.2400000000000091,0.01999999999998181,-0.00037746457,False,False,False,False,False,damma
31,32,96,98,ه,ه,549.138875,549.1988749999999,549.158875,0.05999999999994543,0.01999999999998181,-0.00011133528,False,False,False,False,False,damma
31,32,97,99,ُ,ُ,549.1988749999999,549.358875,549.238875,0.16000000000008185,0.04000000000007731,-0.13712029,False,False,False,False,True,sukun
31,32,98,100,م,م,549.358875,549.4588749999999,549.378875,0.09999999999990905,0.01999999999998181,-0.00015150353,False,False,False,False,True,sukun
31,32,99,101,ْ,ْ,549.4588749999999,549.478875,549.478875,0.020000000000095497,0.020000000000095497,-0.0059617315,False,False,False,False,False,kasra
31,32,100,102, ,|,549.478875,549.598875,549.538875,0.12000000000000455,0.05999999999994543,-0.022065496,False,False,False,False,False,kasra
31,32,101,103,إ,إ,549.598875,549.638875,549.618875,0.03999999999996362,0.01999999999998181,-2.2411095e-05,False,False,False,False,False,kasra
31,32,102,104,ِ,ِ,549.638875,549.778875,549.6988749999999,0.13999999999998636,0.05999999999994543,-0.048934612,False,False,False,False,False,fatha
31,32,103,105,ل,ل,549.778875,549.8188749999999,549.798875,0.03999999999996362,0.01999999999998181,-5.1259863e-06,False,False,False,False,False,fatha
31,32,104,106,َ,َ,549.8188749999999,549.858875,549.8388749999999,0.04000000000007731,0.01999999999998181,-0.014072592,False,False,False,False,False,none
31,32,105,107,ى,ى,549.858875,549.898875,549.898875,0.03999999999996362,0.03999999999996362,-0.00047523342,False,False,False,False,False,none
31,32,106,108, ,|,549.898875,549.9388749999999,549.9388749999999,0.03999999999996362,0.03999999999996362,-0.00024332671,False,False,False,False,False,sukun
31,32,107,109,ٱ,ا,549.9388749999999,550.018875,549.978875,0.08000000000004093,0.04000000000007731,-0.0010974256,False,False,False,False,True,sukun
31,32,108,110,ل,ل,550.018875,550.098875,550.058875,0.08000000000004093,0.03999999999996362,-0.0053206435,False,False,False,False,True,sukun
31,32,109,111,ْ,ْ,550.098875,550.178875,550.118875,0.07999999999992724,0.01999999999998181,-0.009740207,False,False,False,False,False,fatha
31,32,110,112,ب,ب,550.178875,550.258875,550.1988749999999,0.08000000000004093,0.01999999999998181,-0.00017998983,False,False,False,False,False,fatha
31,32,111,113,َ,َ,550.258875,550.5788749999999,550.278875,0.31999999999993634,0.01999999999998181,-2.6940936e-05,False,True,False,False,False,kasra
31,32,112,114,ر,ر,550.5788749999999,550.638875,550.598875,0.06000000000005912,0.020000000000095497,-5.4853053,False,True,False,False,False,kasra
31,32,113,115,ّ,ّ,550.638875,550.678875,550.678875,0.03999999999996362,0.03999999999996362,-0.0009357949,False,False,False,False,False,kasra
31,32,114,116,ِ,ِ,550.678875,550.738875,550.6988749999999,0.06000000000005912,0.01999999999998181,-0.000107521,False,False,False,False,False,fatha
31,32,115,117, ,|,550.738875,550.8388749999999,550.778875,0.09999999999990905,0.03999999999996362,-0.013350939,False,False,False,False,False,fatha
31,32,116,118,ف,ف,550.8388749999999,550.898875,550.858875,0.06000000000005912,0.020000000000095497,-0.0070838956,False,False,False,False,False,fatha
31,32,117,119,َ,َ,550.898875,551.058875,550.9388749999999,0.15999999999996817,0.03999999999996362,-0.017149474,False,False,False,False,False,kasra
31,32,118,120,م,م,551.058875,551.118875,551.0788749999999,0.06000000000005912,0.01999999999998181,-0.0019508632,False,False,False,False,False,kasra
31,32,119,121,ِ,ِ,551.118875,551.258875,551.158875,0.13999999999998636,0.03999999999996362,-0.002784722,False,False,False,False,True,sukun
31,32,120,122,ن,ن,551.258875,551.3188749999999,551.278875,0.05999999999994543,0.01999999999998181,-0.00010144196,False,False,False,False,True,sukun
31,32,121,123,ْ,ْ,551.3188749999999,551.418875,551.358875,0.10000000000002274,0.04000000000007731,-0.095140025,False,False,False,False,False,damma
31,32,122,124,ه,ه,551.418875,551.498875,551.4388749999999,0.08000000000004093,0.01999999999998181,-0.0003238392,False,False,False,False,False,damma
31,32,123,125,ُ,ُ,551.498875,551.6988749999999,551.538875,0.1999999999999318,0.03999999999996362,-0.030400397,False,False,False,False,False,none
31,32,124,126,م,م,551.6988749999999,551.858875,551.7188749999999,0.16000000000008185,0.01999999999998181,-2.1478324,False,False,False,False,False,none
31,32,125,127, ,|,551.858875,552.398875,551.878875,0.5399999999999636,0.01999999999998181,-5.999931,False,True,False,False,False,damma
31,32,126,128,م,م,552.398875,552.4388749999999,552.418875,0.03999999999996362,0.01999999999998181,-0.25341755,False,True,False,False,False,damma
31,32,127,129,ّ,ّ,552.4388749999999,552.478875,552.4588749999999,0.04000000000007731,0.01999999999998181,-3.8561814,False,False,False,False,False,damma
31,32,128,130,ُ,ُ,552.478875,552.658875,552.498875,0.17999999999994998,0.01999999999998181,-5.303583,False,False,False,False,True,sukun
31,32,129,131,ق,ق,552.658875,552.7188749999999,552.678875,0.05999999999994543,0.01999999999998181,-0.6325828,True,False,False,False,True,sukun
31,32,130,132,ْ,ْ,552.7188749999999,552.858875,552.738875,0.14000000000010004,0.020000000000095497,-0.23226728,False,False,False,False,False,fatha
31,32,131,133,ت,ت,552.858875,552.918875,552.878875,0.05999999999994543,0.01999999999998181,-0.00016795179,False,False,False,False,False,fatha
31,32,132,134,َ,َ,552.918875,553.098875,552.9588749999999,0.18000000000006366,0.03999999999996362,-0.017948356,False,False,False,False,False,kasra
31,32,133,135,ص,ص,553.098875,553.178875,553.118875,0.07999999999992724,0.01999999999998181,-2.4318399e-05,True,False,False,False,False,kasra
31,32,134,136,ِ,ِ,553.178875,553.3188749999999,553.1988749999999,0.13999999999998636,0.01999999999998181,-0.0041844198,False,False,False,False,False,tanween
31,32,135,137,د,د,553.3188749999999,553.378875,553.3388749999999,0.06000000000005912,0.01999999999998181,-0.0011848342,False,False,False,False,False,tanween
31,32,136,138,ٌ,ٌ,553.378875,554.558875,553.398875,1.17999999999995,0.01999999999998181,-0.07232714,False,False,False,False,False,none
31,32,137,140, ,|,554.558875,554.658875,554.5788749999999,0.10000000000002274,0.01999999999998181,-0.5136536,False,False,False,False,False,none
31,32,138,143,و,و,554.658875,554.6988749999999,554.678875,0.03999999999996362,0.01999999999998181,-3.5166122e-05,False,False,False,False,False,fatha
31,32,139,144,َ,َ,554.6988749999999,554.878875,554.738875,0.18000000000006366,0.04000000000007731,-0.060363356,False,False,False,False,False,fatha
31,32,140,145,م,م,554.878875,554.9388749999999,554.898875,0.05999999999994543,0.01999999999998181,-1.0967195e-05,False,False,False,False,False,fatha
31,32,141,146,َ,َ,554.9388749999999,554.998875,554.9588749999999,0.06000000000005912,0.01999999999998181,-0.0034982695,False,False,False,False,False,none
31,32,142,147,ا,ا,554.998875,555.158875,555.018875,0.15999999999996817,0.01999999999998181,-1.883489e-05,False,False,False,False,False,fatha
31,32,143,148, ,|,555.158875,555.258875,555.1988749999999,0.10000000000002274,0.03999999999996362,-0.0019675074,False,False,False,False,False,fatha
31,32,144,149,ي,ي,555.258875,555.298875,555.278875,0.03999999999996362,0.01999999999998181,-5.7814836e-05,False,False,False,False,False,fatha
31,32,145,150,َ,َ,555.298875,555.4388749999999,555.3388749999999,0.13999999999998636,0.03999999999996362,-0.09032562,False,False,False,False,True,sukun
31,32,146,151,ج,ج,555.4388749999999,555.498875,555.4588749999999,0.06000000000005912,0.01999999999998181,-0.00015424492,False,False,False,False,True,sukun
31,32,147,152,ْ,ْ,555.498875,555.638875,555.538875,0.13999999999998636,0.03999999999996362,-0.23485643,False,False,False,False,False,fatha
31,32,148,153,ح,ح,555.638875,555.7188749999999,555.658875,0.07999999999992724,0.01999999999998181,-0.00016962043,False,False,False,False,False,fatha
31,32,149,154,َ,َ,555.7188749999999,555.858875,555.738875,0.14000000000010004,0.020000000000095497,-0.00035529977,False,False,False,False,False,damma
31,32,150,155,د,د,555.858875,555.918875,555.878875,0.05999999999994543,0.01999999999998181,-3.9106598,False,False,False,False,False,damma
31,32,151,156,ُ,ُ,555.918875,555.998875,555.9388749999999,0.08000000000004093,0.01999999999998181,-0.05693552,False,False,False,False,False,kasra
31,32,152,157, ,|,555.998875,556.0788749999999,556.038875,0.07999999999992724,0.03999999999996362,-0.07424,False,False,False,False,False,kasra
31,32,153,158,ب,ب,556.0788749999999,556.138875,556.098875,0.06000000000005912,0.020000000000095497,-0.1389155,False,False,False,False,False,kasra
31,32,154,159,ِ,ِ,556.138875,556.158875,556.158875,0.01999999999998181,0.01999999999998181,-0.005853179,False,False,False,False,False,fatha
31,32,155,162,َ,َ,556.158875,556.278875,556.178875,0.12000000000000455,0.01999999999998181,-13.031363,False,False,False,False,False,fatha
31,32,156,163,ا,ا,556.278875,556.678875,556.298875,0.39999999999997726,0.01999999999998181,-15.789402,False,False,True,False,False,fatha
31,32,157,164,ي,ي,556.678875,556.7188749999999,556.6988749999999,0.03999999999996362,0.01999999999998181,-1.1086402e-05,False,False,True,False,False,fatha
31,32,158,165,َ,َ,556.7188749999999,556.798875,556.758875,0.08000000000004093,0.04000000000007731,-0.18593274,False,False,True,False,False,none
31,32,159,167,ٰ,ا,556.798875,557.0788749999999,556.8188749999999,0.2799999999999727,0.01999999999998181,-6.93774e-05,False,False,False,False,False,kasra
31,32,160,168,ت,ت,557.0788749999999,557.118875,557.098875,0.04000000000007731,0.020000000000095497,-0.00012611547,False,False,False,False,False,kasra
31,32,161,169,ِ,ِ,557.118875,557.298875,557.158875,0.17999999999994998,0.03999999999996362,-0.0032155113,False,False,False,True,False,fatha
31,32,162,170,ن,ن,557.298875,557.358875,557.3188749999999,0.06000000000005912,0.01999999999998181,-0.0022121025,False,False,False,True,False,fatha
31,32,163,171,َ,َ,557.358875,557.4388749999999,557.378875,0.07999999999992724,0.01999999999998181,-0.10099934,False,False,False,True,False,none
31,32,164,172,ا,ا,557.4388749999999,558.298875,557.478875,0.8600000000000136,0.04000000000007731,-0.05769457,False,False,False,True,False,none
31,32,165,173,ٓ,ا,558.298875,558.6988749999999,558.3188749999999,0.39999999999997726,0.01999999999998181,-8.254502,False,False,False,False,False,kasra
31,32,166,174, ,|,558.6988749999999,558.798875,558.738875,0.10000000000002274,0.04000000000007731,-0.00023666094,False,False,False,False,False,kasra
31,32,167,175,إ,إ,558.798875,558.8388749999999,558.8188749999999,0.03999999999996362,0.01999999999998181,-0.00055452704,False,False,False,False,False,kasra
31,32,168,176,ِ,ِ,558.8388749999999,559.158875,558.878875,0.32000000000005,0.04000000000007731,-0.0021112375,False,True,False,False,False,fatha
31,32,169,177,ل,ل,559.158875,559.1988749999999,559.178875,0.03999999999996362,0.01999999999998181,-1.2636105e-05,False,True,False,False,False,fatha
31,32,170,178,ّ,ّ,559.1988749999999,559.258875,559.238875,0.06000000000005912,0.04000000000007731,-0.042774796,False,False,False,False,False,fatha
31,32,171,179,َ,َ,559.258875,559.3188749999999,559.278875,0.05999999999994543,0.01999999999998181,-0.004171836,False,False,False,False,False,none
31,32,172,180,ا,ا,559.3188749999999,559.4588749999999,559.3388749999999,0.13999999999998636,0.01999999999998181,-0.00014828535,False,False,False,False,False,damma
31,32,173,181, ,|,559.4588749999999,559.638875,559.498875,0.18000000000006366,0.04000000000007731,-0.006504529,False,False,False,False,False,damma
31,32,174,182,ك,ك,559.638875,559.6988749999999,559.658875,0.05999999999994543,0.01999999999998181,-3.70734e-05,False,False,False,False,False,damma
31,32,175,183,ُ,ُ,559.6988749999999,559.978875,559.7188749999999,0.2800000000000864,0.01999999999998181,-6.544376e-05,False,True,False,False,False,damma
31,32,176,184,ل,ل,559.978875,560.058875,560.018875,0.07999999999992724,0.03999999999996362,-0.0044938037,False,True,False,False,False,damma
31,32,177,185,ّ,ّ,560.058875,560.0788749999999,560.0788749999999,0.01999999999998181,0.01999999999998181,-0.006598707,False,False,False,False,False,damma
31,32,178,186,ُ,ُ,560.0788749999999,560.178875,560.098875,0.10000000000002274,0.020000000000095497,-0.0020892238,False,False,False,False,False,fatha
31,32,179,187, ,|,560.178875,560.298875,560.2188749999999,0.12000000000000455,0.03999999999996362,-0.0070691905,False,False,False,False,False,fatha
31,32,180,188,خ,خ,560.298875,560.358875,560.3188749999999,0.06000000000005912,0.01999999999998181,-0.2530921,False,False,False,False,False,fatha
31,32,181,189,َ,َ,560.358875,560.7188749999999,560.378875,0.35999999999989996,0.01999999999998181,-0.0008868814,False,True,False,False,False,fatha
31,32,182,190,ت,ت,560.7188749999999,562.738875,560.738875,2.0200000000000955,0.020000000000095497,-0.00025269177,False,True,False,False,False,fatha
31,32,183,191,ّ,ّ,565.878875,566.098875,565.9388749999999,0.22000000000002728,0.05999999999994543,-0.014987207,False,False,False,False,False,fatha
31,32,184,192,َ,َ,566.098875,567.038875,566.158875,0.9399999999999409,0.05999999999994543,-0.16587196,False,False,False,False,False,tanween
31,32,185,193,ا,ا,567.038875,567.298875,567.058875,0.2599999999999909,0.01999999999998181,-0.00025388357,False,False,False,False,False,tanween
31,32,186,194,ر,ر,567.298875,567.978875,567.3188749999999,0.6800000000000637,0.01999999999998181,-12.896794,False,False,False,False,False,tanween
31,32,187,195,ٍ,ٍ,567.978875,568.298875,567.998875,0.31999999999993634,0.01999999999998181,-12.103974,False,False,False,False,False,none
31,32,188,197, ,|,568.298875,568.998875,568.358875,0.7000000000000455,0.06000000000005912,-0.13745867,False,False,False,False,False,fatha
31,32,189,198,ك,ك,568.998875,569.478875,569.018875,0.4800000000000182,0.01999999999998181,-1.0461466,False,False,False,False,False,fatha
31,32,190,199,َ,َ,569.478875,569.618875,569.518875,0.13999999999998636,0.03999999999996362,-0.024740914,False,False,False,False,False,damma
31,32,191,200,ف,ف,569.618875,569.6988749999999,569.638875,0.07999999999992724,0.01999999999998181,-6.9033384,False,False,False,False,False,damma
31,32,192,201,ُ,ُ,569.6988749999999,570.478875,569.718875,0.7800000000000864,0.020000000000095497,-1.5770861,False,False,False,False,False,tanween
31,32,193,202,و,و,570.478875,570.6988749999999,570.518875,0.2199999999999136,0.03999999999996362,-0.03801595,False,False,False,False,False,tanween
31,32,194,203,ر,ر,570.6988749999999,570.758875,570.718875,0.06000000000005912,0.020000000000095497,-15.727556,False,False,False,False,False,tanween
31,32,195,204,ٍ,ٍ,570.758875,571.0786875,570.778875,0.3198125000000118,0.01999999999998181,-8.603191,False,False,False,False,False,none
31,33,0,0,ي,ي,571.0986875,571.1586874999999,571.1186875,0.05999999999994543,0.01999999999998181,-12.175487,False,False,True,True,False,fatha
31,33,1,1,َ,َ,571.1586874999999,571.2186875,571.1986875,0.06000000000005912,0.04000000000007731,-0.27052104,False,False,True,True,False,none
31,33,2,3,ٰ,ا,571.2186875,571.3986874999999,571.2586875,0.17999999999994998,0.03999999999996362,-0.33343634,False,False,False,True,False,fatha
31,33,3,4,ٓ,ا,571.3986874999999,571.4986875,571.4186874999999,0.10000000000002274,0.01999999999998181,-16.18094,False,False,False,False,False,fatha
31,33,4,5,أ,أ,571.4986875,571.5586874999999,571.5186874999999,0.05999999999994543,0.01999999999998181,-14.602076,False,False,False,False,False,fatha
31,33,5,6,َ,َ,571.5586874999999,571.7186875,571.5986875,0.16000000000008185,0.04000000000007731,-0.0041051363,False,True,False,False,False,damma
31,33,6,7,ي,ي,571.7186875,571.7586875,571.7386875,0.03999999999996362,0.01999999999998181,-4.693851,False,True,False,False,False,damma
31,33,7,8,ّ,ّ,571.7586875,571.7786874999999,571.7786874999999,0.01999999999998181,0.01999999999998181,-15.926776,False,False,False,False,False,damma
31,33,8,9,ُ,ُ,571.7786874999999,571.8986874999999,571.7986874999999,0.12000000000000455,0.01999999999998181,-10.041474,False,False,False,False,False,fatha
31,33,9,10,ه,ه,571.8986874999999,571.9786875,571.9186874999999,0.08000000000004093,0.01999999999998181,-12.33307,False,False,False,False,False,fatha
31,33,10,11,َ,َ,571.9786875,572.0586874999999,571.9986875,0.07999999999992724,0.01999999999998181,-10.445922,False,False,False,False,False,none
31,33,11,12,ا,ا,572.0586874999999,572.1586874999999,572.0786875,0.10000000000002274,0.020000000000095497,-15.192498,False,False,False,False,False,none
31,33,12,13, ,|,572.1586874999999,572.4386874999999,572.2186875,0.2799999999999727,0.06000000000005912,-0.0004997669,False,False,False,False,False,none
31,33,13,14,ٱ,ا,572.4386874999999,572.7186875,572.4786875,0.2800000000000864,0.04000000000007731,-0.00038436486,False,False,False,False,False,none
31,33,14,15,ل,ل,572.7186875,572.7386875,572.7386875,0.01999999999998181,0.01999999999998181,-4.9589835e-05,False,True,False,False,False,fatha
31,33,15,16,ن,ن,572.7386875,572.7786874999999,572.7586875,0.03999999999996362,0.01999999999998181,-16.516552,False,True,False,False,False,fatha
31,33,16,17,ّ,ّ,572.7786874999999,572.7986874999999,572.7986874999999,0.01999999999998181,0.01999999999998181,-18.203163,False,False,False,False,False,fatha
31,33,17,18,َ,َ,572.7986874999999,572.8186875,572.8186875,0.020000000000095497,0.020000000000095497,-13.316453,False,False,False,False,False,damma
31,33,18,19,ا,ا,572.8186875,572.9386874999999,572.8386875,0.11999999999989086,0.01999999999998181,-16.698242,False,False,False,False,False,damma
31,33,19,20,س,س,572.9386874999999,572.9986875,572.9586875,0.06000000000005912,0.020000000000095497,-14.837061,False,False,False,False,False,damma
31,33,20,21,ُ,ُ,572.9986875,573.2186875,573.0186874999999,0.22000000000002728,0.01999999999998181,-7.746851,False,False,False,False,False,none
31,33,21,22, ,|,573.2186875,573.2586875,573.2586875,0.03999999999996362,0.03999999999996362,-0.0041570044,False,False,False,False,False,none
31,33,22,23,ٱ,ا,573.2586875,573.2786874999999,573.2786874999999,0.01999999999998181,0.01999999999998181,-13.134643,False,True,False,False,False,fatha
31,33,23,24,ت,ت,573.2786874999999,573.3586875,573.2986874999999,0.08000000000004093,0.01999999999998181,-14.503634,False,True,False,False,False,fatha
31,33,24,25,ّ,ّ,573.3586875,573.4186874999999,573.3786875,0.05999999999994543,0.01999999999998181,-15.970807,False,False,False,False,False,fatha
31,33,25,26,َ,َ,573.4186874999999,573.6786874999999,573.4386874999999,0.2599999999999909,0.01999999999998181,-0.0012070996,False,False,False,False,False,damma
31,33,26,27,ق,ق,573.6786874999999,573.6986875,573.6986875,0.020000000000095497,0.020000000000095497,-14.537394,True,False,False,False,False,damma
31,33,27,28,ُ,ُ,573.6986875,573.7186875,573.7186875,0.01999999999998181,0.01999999999998181,-10.92671,False,False,False,False,False,none
31,33,28,29,و,و,573.7186875,574.3186875,573.7386875,0.6000000000000227,0.01999999999998181,-2.2238014,False,False,False,False,False,none
31,33,29,30,ا,ا,574.3186875,574.3386875,574.3386875,0.01999999999998181,0.01999999999998181,-12.759649,False,False,False,False,False,none
31,33,30,32, ,|,574.3386875,574.4186874999999,574.3586875,0.07999999999992724,0.01999999999998181,-0.3029686,False,False,False,False,False,fatha
31,33,31,33,ر,ر,574.4186874999999,574.4786875,574.4386874999999,0.06000000000005912,0.01999999999998181,-12.112056,False,False,False,False,False,fatha
31,33,32,34,َ,َ,574.4786875,574.6186875,574.4986875,0.13999999999998636,0.01999999999998181,-0.0048480346,False,True,False,False,False,fatha
31,33,33,35,ب,ب,574.6186875,574.6586874999999,574.6386875,0.03999999999996362,0.01999999999998181,-13.378668,False,True,False,False,False,fatha
31,33,34,36,ّ,ّ,574.6586874999999,574.6786874999999,574.6786874999999,0.01999999999998181,0.01999999999998181,-12.271622,False,False,False,False,False,fatha
31,33,35,37,َ,َ,574.6786874999999,574.8386875,574.6986875,0.16000000000008185,0.020000000000095497,-0.01096462,False,False,False,False,False,damma
31,33,36,38,ك,ك,574.8386875,574.8986874999999,574.8586875,0.05999999999994543,0.01999999999998181,-10.740867,False,False,False,False,False,damma
31,33,37,39,ُ,ُ,574.8986874999999,575.0186874999999,574.9186874999999,0.12000000000000455,0.01999999999998181,-7.7122235,False,False,False,False,True,sukun
31,33,38,40,م,م,575.0186874999999,575.0986875,575.0386874999999,0.08000000000004093,0.01999999999998181,-7.35701,False,False,False,False,True,sukun
31,33,39,41,ْ,ْ,575.0986875,576.1386875,575.1186875,1.0399999999999636,0.01999999999998181,-3.3526964,False,False,False,False,False,fatha
31,33,40,42, ,|,576.1386875,576.2386875,576.1586874999999,0.10000000000002274,0.01999999999998181,-1.24006,False,False,False,False,False,fatha
31,33,41,43,و,و,576.2386875,576.2986874999999,576.2586875,0.05999999999994543,0.01999999999998181,-0.00019369634,False,False,False,False,False,fatha
31,33,42,44,َ,َ,576.2986874999999,576.3386875,576.3186875,0.04000000000007731,0.020000000000095497,-0.002059959,False,False,False,False,False,sukun
31,33,43,45,ٱ,ا,576.3386875,576.4786875,576.3586875,0.13999999999998636,0.01999999999998181,-12.03321,False,False,False,False,True,sukun
31,33,44,46,خ,خ,576.4786875,576.5186874999999,576.4986875,0.03999999999996362,0.01999999999998181,-11.757986,False,False,False,False,True,sukun
31,33,45,47,ْ,ْ,576.5186874999999,576.6386875,576.5386874999999,0.12000000000000455,0.01999999999998181,-0.0011291087,False,False,False,False,False,fatha
31,33,46,48,ش,ش,576.6386875,576.7386875,576.6586874999999,0.10000000000002274,0.01999999999998181,-8.817164,False,False,False,False,False,fatha
31,33,47,49,َ,َ,576.7386875,576.8386875,576.7586875,0.10000000000002274,0.01999999999998181,-4.1400857,False,False,False,False,True,sukun
31,33,48,50,و,و,576.8386875,576.9186874999999,576.8786875,0.07999999999992724,0.03999999999996362,-0.44696718,False,False,False,False,True,sukun
31,33,49,51,ْ,ْ,576.9186874999999,576.9386874999999,576.9386874999999,0.01999999999998181,0.01999999999998181,-9.427839,False,False,False,False,False,none
31,33,50,52,ا,ا,576.9386874999999,576.9786875,576.9586875,0.04000000000007731,0.020000000000095497,-12.8161545,False,False,False,False,False,none
31,33,51,54, ,|,576.9786875,577.0786875,577.0386874999999,0.10000000000002274,0.05999999999994543,-0.00045457573,False,False,False,False,False,fatha
31,33,52,55,ي,ي,577.0786875,577.1386875,577.0986875,0.05999999999994543,0.01999999999998181,-1.2636105e-05,False,False,False,False,False,fatha
31,33,53,56,َ,َ,577.1386875,577.2786874999999,577.1786874999999,0.13999999999998636,0.03999999999996362,-0.008926542,False,False,False,False,True,sukun
31,33,54,57,و,و,577.2786874999999,577.3386875,577.2986874999999,0.06000000000005912,0.01999999999998181,-2.6583319e-05,False,False,False,False,True,sukun
31,33,55,58,ْ,ْ,577.3386875,577.4786875,577.3786875,0.13999999999998636,0.03999999999996362,-0.2591188,False,False,False,False,False,tanween
31,33,56,59,م,م,577.4786875,577.5586874999999,577.4986875,0.07999999999992724,0.01999999999998181,-2.0861407e-05,False,False,False,False,False,tanween
31,33,57,60,ً,ً,577.5586874999999,577.6186875,577.5786875,0.06000000000005912,0.020000000000095497,-0.010716508,False,False,False,False,False,none
31,33,58,62,ا,ا,577.6186875,577.7186875,577.6386875,0.10000000000002274,0.01999999999998181,-1.470239,False,False,False,False,False,none
31,33,59,63, ,|,577.7186875,577.8586875,577.7586875,0.13999999999998636,0.03999999999996362,-0.2933345,False,True,False,False,False,fatha
31,33,60,64,ل,ل,577.8586875,577.9186874999999,577.8986874999999,0.05999999999994543,0.03999999999996362,-0.00014500326,False,True,False,False,False,fatha
31,33,61,65,ّ,ّ,577.9186874999999,577.9386874999999,577.9386874999999,0.01999999999998181,0.01999999999998181,-3.0337899,False,False,False,False,False,fatha
31,33,62,66,َ,َ,577.9386874999999,578.0186874999999,577.9786875,0.08000000000004093,0.04000000000007731,-0.37310895,False,False,False,False,False,none
31,33,63,67,ا,ا,578.0186874999999,578.1786874999999,578.0386874999999,0.15999999999996817,0.01999999999998181,-0.004456351,False,False,False,False,False,fatha
31,33,64,68, ,|,578.1786874999999,578.2786874999999,578.2186875,0.10000000000002274,0.04000000000007731,-0.025827844,False,False,False,False,False,fatha
31,33,65,69,ي,ي,578.2786874999999,578.3186875,578.2986874999999,0.04000000000007731,0.01999999999998181,-5.3523538e-05,False,False,False,False,False,fatha
31,33,66,70,َ,َ,578.3186875,578.5186874999999,578.3386875,0.1999999999999318,0.01999999999998181,-0.06340526,False,False,False,False,True,sukun
31,33,67,71,ج,ج,578.5186874999999,578.6186875,578.5386874999999,0.10000000000002274,0.01999999999998181,-0.028775506,False,False,False,False,True,sukun
31,33,68,72,ْ,ْ,578.6186875,578.7586875,578.6386875,0.13999999999998636,0.01999999999998181,-10.366256,False,False,False,False,False,kasra
31,33,69,73,ز,ز,578.7586875,578.8186875,578.7786874999999,0.06000000000005912,0.01999999999998181,-6.138925,False,False,False,False,False,kasra
31,33,70,74,ِ,ِ,578.8186875,578.9186874999999,578.8386875,0.09999999999990905,0.01999999999998181,-0.03168134,False,False,False,False,False,none
31,33,71,75,ى,ى,578.9186874999999,578.9986875,578.9386874999999,0.08000000000004093,0.01999999999998181,-9.78618,False,False,False,False,False,fatha
31,33,72,76, ,|,578.9986875,579.1186875,579.0586874999999,0.12000000000000455,0.05999999999994543,-0.029962184,False,False,False,False,False,fatha
31,33,73,77,و,و,579.1186875,579.1986875,579.1386875,0.08000000000004093,0.01999999999998181,-1.0728779e-05,False,False,False,False,False,fatha
31,33,74,78,َ,َ,579.1986875,579.2786874999999,579.2186875,0.07999999999992724,0.01999999999998181,-0.031404234,False,False,False,False,False,kasra
31,33,75,79,ا,ا,579.2786874999999,579.5186874999999,579.2986874999999,0.2400000000000091,0.01999999999998181,-5.7338024e-05,False,False,False,False,False,kasra
31,33,76,80,ل,ل,579.5186874999999,579.5786875,579.5386874999999,0.06000000000005912,0.01999999999998181,-2.7775379e-05,False,False,False,False,False,kasra
31,33,77,81,ِ,ِ,579.5786875,579.6986875,579.5986875,0.12000000000000455,0.01999999999998181,-8.880698e-05,False,False,False,False,False,tanween
31,33,78,82,د,د,579.6986875,579.7786874999999,579.7186875,0.07999999999992724,0.01999999999998181,-0.00045813556,False,False,False,False,False,tanween
31,33,79,83,ٌ,ٌ,579.7786874999999,579.9786875,579.7986874999999,0.20000000000004547,0.01999999999998181,-0.0031154451,False,False,False,False,False,fatha
31,33,80,84, ,|,579.9786875,580.1186875,580.0386874999999,0.13999999999998636,0.05999999999994543,-0.020817308,False,False,False,False,False,fatha
31,33,81,85,ع,ع,580.1186875,580.1786874999999,580.1386875,0.05999999999994543,0.01999999999998181,-6.270212e-05,False,False,False,False,False,fatha
31,33,82,86,َ,َ,580.1786874999999,580.4186874999999,580.1986875,0.2400000000000091,0.020000000000095497,-0.0013783012,False,False,False,False,False,none
31,33,83,87,ن,ن,580.4186874999999,581.0786875,580.4386874999999,0.6600000000000819,0.01999999999998181,-2.250019,False,False,False,False,False,fatha
31,33,84,88, ,|,581.0786875,581.1986875,581.1386875,0.12000000000000455,0.05999999999994543,-0.32704386,False,False,False,False,False,fatha
31,33,85,89,و,و,581.1986875,581.2586875,581.2186875,0.05999999999994543,0.01999999999998181,-0.123571165,False,False,False,False,False,fatha
31,33,86,90,َ,َ,581.2586875,581.4386874999999,581.2786874999999,0.17999999999994998,0.01999999999998181,-0.08306064,False,False,False,False,False,fatha
31,33,87,91,ل,ل,581.4386874999999,581.4986875,581.4586875,0.06000000000005912,0.020000000000095497,-0.00017462636,False,False,False,False,False,fatha
31,33,88,92,َ,َ,581.4986875,581.6386875,581.5186874999999,0.13999999999998636,0.01999999999998181,-0.00035089056,False,False,False,False,False,kasra
31,33,89,93,د,د,581.6386875,581.6986875,581.6586874999999,0.06000000000005912,0.01999999999998181,-0.002947631,False,False,False,False,False,kasra
31,33,90,94,ِ,ِ,581.6986875,581.8386875,581.7386875,0.13999999999998636,0.03999999999996362,-0.10910098,False,False,False,False,False,kasra
31,33,91,95,ه,ه,581.8386875,581.8986874999999,581.8586875,0.05999999999994543,0.01999999999998181,-0.0014100857,False,False,False,False,False,kasra
31,33,92,96,ِ,ِ,581.8986874999999,582.1186875,581.9386874999999,0.22000000000002728,0.03999999999996362,-0.26646203,False,False,False,False,False,none
31,33,93,98, ,|,582.1186875,582.2386875,582.1986875,0.12000000000000455,0.08000000000004093,-0.08224029,False,False,False,False,False,fatha
31,33,94,99,و,و,582.2386875,582.3186875,582.2586875,0.08000000000004093,0.01999999999998181,-5.5907592e-05,False,False,False,False,False,fatha
31,33,95,100,َ,َ,582.3186875,582.4586875,582.3386875,0.13999999999998636,0.01999999999998181,-0.0008924792,False,False,False,False,False,fatha
31,33,96,101,ل,ل,582.4586875,582.5186874999999,582.4786875,0.05999999999994543,0.01999999999998181,-1.9907753e-05,False,False,False,False,False,fatha
31,33,97,102,َ,َ,582.5186874999999,582.5986875,582.5386874999999,0.08000000000004093,0.01999999999998181,-0.26621377,False,False,False,False,False,none
31,33,98,103,ا,ا,582.5986875,582.7386875,582.6186875,0.13999999999998636,0.01999999999998181,-0.0006722336,False,False,False,False,False,fatha
31,33,99,104, ,|,582.7386875,582.8586875,582.7786874999999,0.12000000000000455,0.03999999999996362,-0.03288176,False,False,False,False,False,fatha
31,33,100,105,م,م,582.8586875,582.9186874999999,582.8786875,0.05999999999994543,0.01999999999998181,-0.014590002,False,False,False,False,False,fatha
31,33,101,106,َ,َ,582.9186874999999,583.0586874999999,582.9386874999999,0.13999999999998636,0.01999999999998181,-0.006911419,False,False,False,False,True,sukun
31,33,102,107,و,و,583.0586874999999,583.1386875,583.0786875,0.08000000000004093,0.020000000000095497,-0.0031414705,False,False,False,False,True,sukun
31,33,103,108,ْ,ْ,583.1386875,583.2586875,583.1586874999999,0.12000000000000455,0.01999999999998181,-0.19758588,False,False,False,False,False,damma
31,33,104,109,ل,ل,583.2586875,583.3386875,583.2786874999999,0.08000000000004093,0.01999999999998181,-0.00019274284,False,False,False,False,False,damma
31,33,105,110,ُ,ُ,583.3386875,583.4186874999999,583.3586875,0.07999999999992724,0.01999999999998181,-0.0014244897,False,False,False,False,False,tanween
31,33,106,111,و,و,583.4186874999999,583.6386875,583.4586875,0.22000000000002728,0.04000000000007731,-0.2260049,False,False,False,False,False,tanween
31,33,107,112,د,د,583.6386875,583.7186875,583.6586874999999,0.08000000000004093,0.01999999999998181,-0.21040724,False,False,False,False,False,tanween
31,33,108,113,ٌ,ٌ,583.7186875,583.9786875,583.7386875,0.2599999999999909,0.01999999999998181,-0.27429947,False,False,False,False,False,damma
31,33,109,114, ,|,583.9786875,584.0386874999999,583.9986875,0.05999999999994543,0.01999999999998181,-6.639469,False,False,False,False,False,damma
31,33,110,115,ه,ه,584.0386874999999,584.0986875,584.0586874999999,0.06000000000005912,0.01999999999998181,-0.0005650116,False,False,False,False,False,damma
31,33,111,116,ُ,ُ,584.0986875,584.2786874999999,584.1186875,0.17999999999994998,0.01999999999998181,-0.21388692,False,False,False,False,False,fatha
31,33,112,117,و,و,584.2786874999999,584.3386875,584.2986874999999,0.06000000000005912,0.01999999999998181,-0.000225161,False,False,False,False,False,fatha
31,33,113,118,َ,َ,584.3386875,584.3586875,584.3586875,0.01999999999998181,0.01999999999998181,-0.2238798,False,False,False,False,False,fatha
31,33,114,119, ,|,584.3586875,584.4986875,584.3786875,0.13999999999998636,0.01999999999998181,-10.631838,False,False,False,False,False,fatha
31,33,115,120,ج,ج,584.4986875,584.5786875,584.5186874999999,0.08000000000004093,0.01999999999998181,-0.0006618693,False,False,False,False,False,fatha
31,33,116,121,َ,َ,584.5786875,584.6586874999999,584.5986875,0.07999999999992724,0.01999999999998181,-0.00084876746,False,False,False,False,False,tanween
31,33,117,122,ا,ا,584.6586874999999,584.8986874999999,584.6786874999999,0.2400000000000091,0.01999999999998181,-0.13259692,False,False,False,False,False,tanween
31,33,118,123,ز,ز,584.8986874999999,584.9586875,584.9186874999999,0.06000000000005912,0.01999999999998181,-2.2914894,False,False,False,False,False,tanween
31,33,119,124,ٍ,ٍ,584.9586875,585.2186875,584.9786875,0.2599999999999909,0.01999999999998181,-0.8704129,False,False,False,False,False,fatha
31,33,120,125, ,|,585.2186875,585.3386875,585.2386875,0.12000000000000455,0.01999999999998181,-0.036985986,False,False,False,False,False,fatha
31,33,121,126,ع,ع,585.3386875,585.3986874999999,585.3586875,0.05999999999994543,0.01999999999998181,-0.00014590153,False,False,False,False,False,fatha
31,33,122,127,َ,َ,585.3986874999999,585.6786874999999,585.4186874999999,0.2799999999999727,0.01999999999998181,-0.0030384348,False,False,False,False,False,none
31,33,123,128,ن,ن,585.6786874999999,586.1986875,585.6986875,0.5200000000000955,0.020000000000095497,-4.7357845,False,False,False,False,False,fatha
31,33,124,129, ,|,586.1986875,586.2986874999999,586.2186875,0.09999999999990905,0.01999999999998181,-0.21332656,False,False,False,False,False,fatha
31,33,125,130,و,و,586.2986874999999,586.3786875,586.3186875,0.08000000000004093,0.020000000000095497,-3.4331686e-05,False,False,False,False,False,fatha
31,33,126,131,َ,َ,586.3786875,586.4386874999999,586.3986874999999,0.05999999999994543,0.01999999999998181,-0.026313916,False,False,False,False,False,kasra
31,33,127,132,ا,ا,586.4386874999999,586.7386875,586.4586875,0.3000000000000682,0.020000000000095497,-9.858122e-05,False,False,False,False,False,kasra
31,33,128,133,ل,ل,586.7386875,586.8186875,586.7586875,0.08000000000004093,0.01999999999998181,-4.1603176e-05,False,False,False,False,False,kasra
31,33,129,134,ِ,ِ,586.8186875,586.9586875,586.8386875,0.13999999999998636,0.01999999999998181,-0.00029583368,False,False,False,False,False,kasra
31,33,130,135,د,د,586.9586875,587.0386874999999,586.9786875,0.07999999999992724,0.01999999999998181,-0.00035220143,False,False,False,False,False,kasra
31,33,131,136,ِ,ِ,587.0386874999999,587.1786874999999,587.0586874999999,0.13999999999998636,0.01999999999998181,-0.0010594476,False,False,False,False,False,kasra
31,33,132,137,ه,ه,587.1786874999999,587.2386875,587.1986875,0.06000000000005912,0.020000000000095497,-0.000931306,False,False,False,False,False,kasra
31,33,133,138,ِ,ِ,587.2386875,587.4586875,587.2786874999999,0.22000000000002728,0.03999999999996362,-0.08208177,False,False,False,False,False,none
31,33,134,140, ,|,587.4586875,587.5786875,587.4986875,0.12000000000000455,0.03999999999996362,-0.0002807378,False,False,False,False,False,fatha
31,33,135,141,ش,ش,587.5786875,587.6786874999999,587.5986875,0.09999999999990905,0.01999999999998181,-3.421248e-05,False,False,False,False,False,fatha
31,33,136,142,َ,َ,587.6786874999999,587.8186875,587.6986875,0.14000000000010004,0.020000000000095497,-0.0020118966,False,False,False,False,True,sukun
31,33,137,143,ي,ي,587.8186875,587.8786875,587.8386875,0.05999999999994543,0.01999999999998181,-0.70887375,False,False,False,False,True,sukun
31,33,138,144,ْ,ْ,587.8786875,588.0986875,587.8986874999999,0.22000000000002728,0.01999999999998181,-1.925377,False,False,False,False,False,tanween
31,33,139,147,ً,ً,588.0986875,588.1586874999999,588.1186875,0.05999999999994543,0.01999999999998181,-0.091836706,False,False,False,False,False,none
31,33,140,148,ا,ا,588.1586874999999,589.2786874999999,588.1786874999999,1.1200000000000045,0.01999999999998181,-0.5933803,False,False,False,False,False,none
31,33,141,149, ,|,589.2786874999999,589.4186874999999,589.2986874999999,0.13999999999998636,0.01999999999998181,-3.2654989,False,False,False,False,False,none
31,33,142,152,إ,إ,589.4186874999999,589.4586875,589.4386874999999,0.04000000000007731,0.01999999999998181,-0.016190127,False,False,False,False,False,kasra
31,33,143,153,ِ,ِ,589.4586875,590.3186875,589.4986875,0.8600000000000136,0.03999999999996362,-0.014527261,False,True,False,False,False,fatha
31,33,144,154,ن,ن,590.3186875,590.3586875,590.3386875,0.03999999999996362,0.01999999999998181,-0.00029976643,False,True,False,False,False,fatha
31,33,145,155,ّ,ّ,590.3586875,590.4186874999999,590.3986874999999,0.05999999999994543,0.03999999999996362,-0.031148244,False,False,False,False,False,fatha
31,33,146,156,َ,َ,590.4186874999999,590.4786875,590.4386874999999,0.06000000000005912,0.01999999999998181,-0.00705892,False,False,False,False,False,fatha
31,33,147,157, ,|,590.4786875,590.5786875,590.5186874999999,0.10000000000002274,0.03999999999996362,-0.10676241,False,False,False,False,False,fatha
31,33,148,158,و,و,590.5786875,590.6386875,590.5986875,0.05999999999994543,0.01999999999998181,-0.1580059,False,False,False,False,False,fatha
31,33,149,159,َ,َ,590.6386875,590.8186875,590.6586874999999,0.18000000000006366,0.01999999999998181,-0.012979311,False,False,False,False,True,sukun
31,33,150,160,ع,ع,590.8186875,590.8786875,590.8386875,0.05999999999994543,0.01999999999998181,-0.00214442,False,False,False,False,True,sukun
31,33,151,161,ْ,ْ,590.8786875,590.9986875,590.8986874999999,0.12000000000000455,0.01999999999998181,-0.018717917,False,False,False,False,False,fatha
31,33,152,162,د,د,590.9986875,591.0586874999999,591.0186874999999,0.05999999999994543,0.01999999999998181,-0.06483726,False,False,False,False,False,fatha
31,33,153,163,َ,َ,591.0586874999999,591.1386875,591.0786875,0.08000000000004093,0.020000000000095497,-0.0012816319,False,False,False,False,False,none
31,33,154,164, ,|,591.1386875,591.1786874999999,591.1786874999999,0.03999999999996362,0.03999999999996362,-0.028918212,False,False,False,False,False,none
31,33,155,165,ٱ,ا,591.1786874999999,591.2386875,591.2386875,0.06000000000005912,0.06000000000005912,-0.0779589,False,False,False,False,False,none
31,33,156,166,ل,ل,591.2386875,591.4386874999999,591.2986874999999,0.1999999999999318,0.05999999999994543,-0.070470415,False,True,False,False,False,fatha
31,33,157,167,ل,ل,591.4386874999999,591.4586875,591.4586875,0.020000000000095497,0.020000000000095497,-0.00046933602,False,True,False,False,False,fatha
31,33,158,168,ّ,ّ,591.4586875,591.5186874999999,591.5186874999999,0.05999999999994543,0.05999999999994543,-0.037365813,False,False,False,False,False,fatha
31,33,159,169,َ,َ,591.5186874999999,591.7586875,591.5586874999999,0.2400000000000091,0.03999999999996362,-0.0079257265,False,False,False,False,False,kasra
31,33,160,170,ه,ه,591.7586875,591.8386875,591.7986874999999,0.08000000000004093,0.03999999999996362,-0.17429265,False,False,False,False,False,kasra
31,33,161,171,ِ,ِ,591.8386875,591.8986874999999,591.8786875,0.05999999999994543,0.03999999999996362,-0.31921723,False,False,False,False,False,fatha
31,33,162,172, ,|,591.8986874999999,592.0386874999999,591.9586875,0.13999999999998636,0.06000000000005912,-0.11499331,False,False,False,False,False,fatha
31,33,163,173,ح,ح,592.0386874999999,592.0986875,592.0586874999999,0.06000000000005912,0.01999999999998181,-0.008347265,False,False,False,False,False,fatha
31,33,164,174,َ,َ,592.0986875,592.1786874999999,592.1186875,0.07999999999992724,0.01999999999998181,-0.067196906,False,True,False,False,False,tanween
31,33,165,175,ق,ق,592.1786874999999,592.1986875,592.1986875,0.020000000000095497,0.020000000000095497,-11.160967,True,True,False,False,False,tanween
31,33,166,176,ّ,ّ,592.1986875,592.2186875,592.2186875,0.01999999999998181,0.01999999999998181,-9.676803,False,False,False,False,False,tanween
31,33,167,177,ٌ,ٌ,592.2186875,593.4986875,592.2386875,1.2799999999999727,0.01999999999998181,-8.715457,False,False,False,False,False,none
31,33,168,179, ,|,593.4986875,593.5986875,593.5186874999999,0.10000000000002274,0.01999999999998181,-7.231203,False,False,False,False,False,none
31,33,169,182,ف,ف,593.5986875,593.6586874999999,593.6186875,0.05999999999994543,0.01999999999998181,-0.017028902,False,False,False,False,False,fatha
31,33,170,183,َ,َ,593.6586874999999,593.8186875,593.6786874999999,0.16000000000008185,0.01999999999998181,-0.00124139,False,False,False,False,False,fatha
31,33,171,184,ل,ل,593.8186875,593.8786875,593.8386875,0.05999999999994543,0.01999999999998181,-0.00011657989,False,False,False,False,False,fatha
31,33,172,185,َ,َ,593.8786875,593.9386874999999,593.8986874999999,0.05999999999994543,0.01999999999998181,-0.03923615,False,False,False,False,False,none
31,33,173,186,ا,ا,593.9386874999999,594.0986875,593.9586875,0.16000000000008185,0.020000000000095497,-5.6265202e-05,False,False,False,False,False,fatha
31,33,174,187, ,|,594.0986875,594.2386875,594.1586874999999,0.13999999999998636,0.05999999999994543,-0.08491775,False,False,False,False,False,fatha
31,33,175,188,ت,ت,594.2386875,594.2986874999999,594.2586875,0.05999999999994543,0.01999999999998181,-8.785339e-05,False,False,False,False,False,fatha
31,33,176,189,َ,َ,594.2986874999999,594.4586875,594.3386875,0.16000000000008185,0.04000000000007731,-0.10153492,False,False,False,False,False,damma
31,33,177,190,غ,غ,594.4586875,594.5386874999999,594.4786875,0.07999999999992724,0.01999999999998181,-0.0016724183,False,False,False,False,False,damma
31,33,178,191,ُ,ُ,594.5386874999999,594.8786875,594.5586874999999,0.34000000000003183,0.01999999999998181,-0.11548544,False,True,False,False,False,fatha
31,33,179,192,ر,ر,594.8786875,594.9186874999999,594.8986874999999,0.03999999999996362,0.01999999999998181,-0.048845522,False,True,False,False,False,fatha
31,33,180,193,ّ,ّ,594.9186874999999,594.9586875,594.9386875,0.04000000000007731,0.020000000000095497,-0.110422894,False,False,False,False,False,fatha
31,33,181,194,َ,َ,594.9586875,595.5986875,594.9786875,0.6399999999999864,0.01999999999998181,-3.3199341,False,True,False,False,False,fatha
31,33,182,195,ن,ن,595.5986875,595.6386875,595.6186875,0.03999999999996362,0.01999999999998181,-0.070645824,False,True,False,False,False,fatha
31,33,183,196,ّ,ّ,595.6386875,595.6786874999999,595.6586874999999,0.03999999999996362,0.01999999999998181,-4.0104904,False,False,False,False,False,fatha
31,33,184,197,َ,َ,595.6786874999999,595.8586875,595.6986875,0.18000000000006366,0.020000000000095497,-0.00012873775,False,False,False,False,False,damma
31,33,185,198,ك,ك,595.8586875,595.9186874999999,595.8786875,0.05999999999994543,0.01999999999998181,-3.778863e-05,False,False,False,False,False,damma
31,33,186,199,ُ,ُ,595.9186874999999,596.0386874999999,595.9386875,0.12000000000000455,0.020000000000095497,-0.0002387477,False,False,False,False,False,damma
31,33,187,200,م,م,596.0386874999999,596.1386875,596.0586874999999,0.10000000000002274,0.01999999999998181,-0.0007821838,False,False,False,False,False,damma
31,33,188,201,ُ,ُ,596.1386875,596.1986875,596.1586874999999,0.06000000000005912,0.01999999999998181,-0.06821816,False,False,False,False,False,none
31,33,189,202, ,|,596.1986875,596.2586875,596.2586875,0.05999999999994543,0.05999999999994543,-0.0008553262,False,False,False,False,False,sukun
31,33,190,203,ٱ,ا,596.2586875,596.3186875,596.2986874999999,0.06000000000005912,0.03999999999996362,-0.010823163,False,False,False,False,True,sukun
31,33,191,204,ل,ل,596.3186875,596.3786875,596.3586875,0.05999999999994543,0.03999999999996362,-0.009749226,False,False,False,False,True,sukun
31,33,192,205,ْ,ْ,596.3786875,596.4586875,596.3986874999999,0.08000000000004093,0.01999999999998181,-0.12509897,False,False,False,False,False,fatha
31,33,193,206,ح,ح,596.4586875,596.5386874999999,596.4786875,0.07999999999992724,0.01999999999998181,-0.00029607204,False,False,False,False,False,fatha
31,33,194,207,َ,َ,596.5386874999999,596.6986875,596.5586874999999,0.16000000000008185,0.01999999999998181,-0.00046433156,False,False,True,False,False,fatha
31,33,195,208,ي,ي,596.6986875,596.7586875,596.7186875,0.05999999999994543,0.01999999999998181,-0.0002406546,False,False,True,False,False,fatha
31,33,196,209,َ,َ,596.7586875,596.7786874999999,596.7786874999999,0.01999999999998181,0.01999999999998181,-0.56915957,False,False,True,False,False,none
31,33,197,210,و,و,596.7786874999999,596.7986874999999,596.7986874999999,0.01999999999998181,0.01999999999998181,-17.818624,False,False,True,False,False,damma
31,33,198,211,ٰ,ا,596.7986874999999,597.1186875,596.8186875,0.32000000000005,0.020000000000095497,-0.00109541,False,False,False,False,False,damma
31,33,199,212,ة,ة,597.1186875,597.1786874999999,597.1386875,0.05999999999994543,0.01999999999998181,-5.1854695e-05,False,False,False,False,False,damma
31,33,200,213,ُ,ُ,597.1786874999999,597.2586875,597.1986875,0.08000000000004093,0.020000000000095497,-0.0003388546,False,False,False,False,False,none
31,33,201,214, ,|,597.2586875,597.3186875,597.2986874999999,0.06000000000005912,0.03999999999996362,-5.3404336e-05,False,False,False,False,False,none
31,33,202,215,ٱ,ا,597.3186875,597.3786875,597.3586875,0.05999999999994543,0.03999999999996362,-0.14361677,False,False,False,False,False,none
31,33,203,216,ل,ل,597.3786875,597.5586874999999,597.4386875,0.17999999999994998,0.06000000000005912,-0.07434642,False,True,False,False,False,damma
31,33,204,217,د,د,597.5586874999999,597.5986875,597.5786875,0.04000000000007731,0.020000000000095497,-0.00021050144,False,True,False,False,False,damma
31,33,205,218,ّ,ّ,597.5986875,597.6386875,597.6386875,0.03999999999996362,0.03999999999996362,-0.18152387,False,False,False,False,False,damma
31,33,206,219,ُ,ُ,597.6386875,597.8186875,597.6586874999999,0.18000000000006366,0.01999999999998181,-6.6158966e-05,False,False,False,False,True,sukun
31,33,207,220,ن,ن,597.8186875,597.8786875,597.8386875,0.05999999999994543,0.01999999999998181,-9.536698e-06,False,False,False,False,True,sukun
31,33,208,221,ْ,ْ,597.8786875,597.9986875,597.8986874999999,0.12000000000000455,0.01999999999998181,-0.022721194,False,False,False,False,False,fatha
31,33,209,222,ي,ي,597.9986875,598.0586874999999,598.0186874999999,0.05999999999994543,0.01999999999998181,-1.7046783e-05,False,False,False,False,False,fatha
31,33,210,223,َ,َ,598.0586874999999,598.1186875,598.0786875,0.06000000000005912,0.020000000000095497,-0.098758176,False,False,False,False,False,none
31,33,211,224,ا,ا,598.1186875,598.3186875,598.1386875,0.20000000000004547,0.01999999999998181,-8.940657e-06,False,False,False,False,False,fatha
31,33,212,225, ,|,598.3186875,598.4186874999999,598.3786875,0.09999999999990905,0.05999999999994543,-0.049525697,False,False,False,False,False,fatha
31,33,213,226,و,و,598.4186874999999,598.4986875,598.4586875,0.08000000000004093,0.04000000000007731,-0.0021312349,False,False,False,False,False,fatha
31,33,214,227,َ,َ,598.4986875,598.6586874999999,598.5186874999999,0.15999999999996817,0.01999999999998181,-0.0005019835,False,False,False,False,False,fatha
31,33,215,228,ل,ل,598.6586874999999,598.6986875,598.6786874999999,0.04000000000007731,0.01999999999998181,-5.9604467e-06,False,False,False,False,False,fatha
31,33,216,229,َ,َ,598.6986875,598.7586875,598.7386875,0.05999999999994543,0.03999999999996362,-0.3602495,False,False,False,False,False,none
31,33,217,230,ا,ا,598.7586875,598.9586875,598.7986874999999,0.20000000000004547,0.03999999999996362,-0.0003777459,False,False,False,False,False,fatha
31,33,218,231, ,|,598.9586875,599.0586874999999,599.0186874999999,0.09999999999990905,0.05999999999994543,-0.014918606,False,False,False,False,False,fatha
31,33,219,232,ي,ي,599.0586874999999,599.1186875,599.0786875,0.06000000000005912,0.020000000000095497,-1.1324818e-05,False,False,False,False,False,fatha
31,33,220,233,َ,َ,599.1186875,599.3186875,599.1586874999999,0.20000000000004547,0.03999999999996362,-0.009707935,False,False,False,False,False,damma
31,33,221,234,غ,غ,599.3186875,599.3986874999999,599.3386875,0.07999999999992724,0.01999999999998181,-0.0007353701,False,False,False,False,False,damma
31,33,222,235,ُ,ُ,599.3986874999999,599.7186875,599.4186874999999,0.32000000000005,0.01999999999998181,-0.0045929416,False,True,False,False,False,fatha
31,33,223,236,ر,ر,599.7186875,599.7586875,599.7386875,0.03999999999996362,0.01999999999998181,-0.16454145,False,True,False,False,False,fatha
31,33,224,237,ّ,ّ,599.7586875,599.8186875,599.8186875,0.06000000000005912,0.06000000000005912,-0.07782761,False,False,False,False,False,fatha
31,33,225,238,َ,َ,599.8186875,600.5586874999999,599.8386875,0.7399999999998954,0.01999999999998181,-3.6588995,False,True,False,False,False,fatha
31,33,226,239,ن,ن,600.5586874999999,600.5786875,600.5786875,0.020000000000095497,0.020000000000095497,-0.0007595515,False,True,False,False,False,fatha
31,33,227,240,ّ,ّ,600.5786875,600.6386875,600.5986875,0.05999999999994543,0.01999999999998181,-6.6770587,False,False,False,False,False,fatha
31,33,228,241,َ,َ,600.6386875,600.8186875,600.6586874999999,0.18000000000006366,0.01999999999998181,-0.000199894,False,False,False,False,False,damma
31,33,229,242,ك,ك,600.8186875,600.8986874999999,600.8386875,0.07999999999992724,0.01999999999998181,-0.00012408917,False,False,False,False,False,damma
31,33,230,243,ُ,ُ,600.8986874999999,601.5586874999999,600.9186874999999,0.6599999999999682,0.01999999999998181,-0.0014453214,False,False,False,False,False,none
31,33,231,244,م,م,601.5586874999999,601.6986875,601.5786875,0.14000000000010004,0.020000000000095497,-2.9443262,False,False,False,False,False,kasra
31,33,232,245, ,|,601.6986875,601.8186875,601.7386875,0.12000000000000455,0.03999999999996362,-0.00052897946,False,False,False,False,False,kasra
31,33,233,246,ب,ب,601.8186875,601.8586875,601.8386875,0.03999999999996362,0.01999999999998181,-0.0006611545,False,False,False,False,False,kasra
31,33,234,247,ِ,ِ,601.8586875,601.9786875,601.8786875,0.12000000000000455,0.01999999999998181,-0.01281185,False,False,False,False,False,none
31,33,235,248,ٱ,ا,601.9786875,602.0386874999999,602.0186874999999,0.05999999999994543,0.03999999999996362,-0.11926805,False,False,False,False,False,none
31,33,236,249,ل,ل,602.0386874999999,602.2186875,602.0786875,0.18000000000006366,0.04000000000007731,-0.014145472,False,True,False,False,False,fatha
31,33,237,250,ل,ل,602.2186875,602.2586875,602.2386875,0.03999999999996362,0.01999999999998181,-0.0003411188,False,True,False,False,False,fatha
31,33,238,251,ّ,ّ,602.2586875,602.2986874999999,602.2986874999999,0.03999999999996362,0.03999999999996362,-0.10869669,False,False,False,False,False,fatha
31,33,239,252,َ,َ,602.2986874999999,602.6186875,602.3386875,0.32000000000005,0.04000000000007731,-0.17937881,False,False,False,False,False,kasra
31,33,240,253,ه,ه,602.6186875,602.6986875,602.6386875,0.08000000000004093,0.01999999999998181,-0.0054279803,False,False,False,False,False,kasra
31,33,241,254,ِ,ِ,602.6986875,602.8186875,602.7586875,0.12000000000000455,0.05999999999994543,-0.12828791,False,False,False,False,False,none
31,33,242,255, ,|,602.8186875,602.8786875,602.8386875,0.05999999999994543,0.01999999999998181,-0.93268716,False,False,False,False,False,sukun
31,33,243,256,ٱ,ا,602.8786875,602.9386875,602.8986874999999,0.06000000000005912,0.01999999999998181,-2.0314474,False,False,False,False,True,sukun
31,33,244,257,ل,ل,602.9386875,602.9786875,602.9586875,0.03999999999996362,0.01999999999998181,-0.017468996,False,False,False,False,True,sukun
31,33,245,258,ْ,ْ,602.9786875,603.0786875,602.9986875,0.10000000000002274,0.01999999999998181,-0.083689064,False,False,False,False,False,fatha
31,33,246,259,غ,غ,603.0786875,603.1786874999999,603.0986875,0.09999999999990905,0.01999999999998181,-4.0548687,False,False,False,False,False,fatha
31,33,247,260,َ,َ,603.1786874999999,603.3386875,603.1986875,0.16000000000008185,0.020000000000095497,-0.1917551,False,False,False,False,False,damma
31,33,248,261,ر,ر,603.3386875,603.3786875,603.3586875,0.03999999999996362,0.01999999999998181,-1.0165195,False,False,False,False,False,damma
31,33,249,262,ُ,ُ,603.3786875,603.4586875,603.3986874999999,0.08000000000004093,0.01999999999998181,-6.1078863,False,False,False,False,False,damma
31,33,250,263,و,و,603.4586875,605.2186875,603.4786875,1.759999999999991,0.01999999999998181,-2.9096177,False,False,False,False,False,damma
31,33,251,264,ر,ر,605.2186875,605.6786874999999,605.2386875,0.4599999999999227,0.01999999999998181,-8.33276,False,False,False,False,False,damma
31,33,252,265,ُ,ُ,605.6786874999999,605.7163125000001,605.6986875,0.03762500000016189,0.020000000000095497,-12.500788,False,False,False,False,False,none
31,34,0,0,إ,إ,605.5163125,605.5363125,605.5363125,0.01999999999998181,0.01999999999998181,-19.216797,False,False,False,False,False,kasra
31,34,1,1,ِ,ِ,605.5363125,606.1363125,605.5563125,0.6000000000000227,0.01999999999998181,-18.660156,False,True,False,False,False,fatha
31,34,2,2,ن,ن,606.1363125,606.1763125,606.1563125,0.03999999999996362,0.01999999999998181,-1.8119648e-05,False,True,False,False,False,fatha
31,34,3,3,ّ,ّ,606.1763125,606.2163125000001,606.1963125,0.04000000000007731,0.01999999999998181,-0.039542146,False,False,False,False,False,fatha
31,34,4,4,َ,َ,606.2163125000001,606.2763125,606.2363125,0.05999999999994543,0.01999999999998181,-0.00043513844,False,False,False,False,False,none
31,34,5,5, ,|,606.2763125,606.3163125,606.3163125,0.03999999999996362,0.03999999999996362,-5.1199062e-05,False,False,False,False,False,none
31,34,6,6,ٱ,ا,606.3163125,606.3763125,606.3763125,0.06000000000005912,0.06000000000005912,-0.06905101,False,False,False,False,False,none
31,34,7,7,ل,ل,606.3763125,606.5763125,606.4363125,0.1999999999999318,0.05999999999994543,-0.04520467,False,True,False,False,False,fatha
31,34,8,8,ل,ل,606.5763125,606.5963125000001,606.5963125000001,0.020000000000095497,0.020000000000095497,-0.00043895145,False,True,False,False,False,fatha
31,34,9,9,ّ,ّ,606.5963125000001,606.6563125,606.6363125,0.05999999999994543,0.03999999999996362,-0.33186895,False,False,False,False,False,fatha
31,34,10,10,َ,َ,606.6563125,606.9363125,606.6763125,0.2799999999999727,0.01999999999998181,-0.19864245,False,False,False,False,False,fatha
31,34,11,11,ه,ه,606.9363125,606.9763125000001,606.9563125000001,0.04000000000007731,0.020000000000095497,-8.4992615e-05,False,False,False,False,False,fatha
31,34,12,12,َ,َ,606.9763125000001,607.0563125,607.0163125,0.07999999999992724,0.03999999999996362,-0.138791,False,False,False,False,False,kasra
31,34,13,13, ,|,607.0563125,607.1763125,607.0963125000001,0.12000000000000455,0.04000000000007731,-0.110712945,False,False,False,False,False,kasra
31,34,14,14,ع,ع,607.1763125,607.2563125,607.1963125,0.08000000000004093,0.01999999999998181,-0.018784955,False,False,False,False,False,kasra
31,34,15,15,ِ,ِ,607.2563125,607.8163125,607.2763125,0.5599999999999454,0.01999999999998181,-0.019936536,False,False,False,False,False,fatha
31,34,16,16,ن,ن,607.8163125,608.0363125,607.8363125000001,0.22000000000002728,0.020000000000095497,-0.39119115,False,False,False,False,False,fatha
31,34,17,17,د,د,608.0363125,608.1163125,608.0563125,0.08000000000004093,0.01999999999998181,-0.6329461,False,False,False,False,False,fatha
31,34,18,18,َ,َ,608.1163125,608.2563125,608.1363125,0.13999999999998636,0.01999999999998181,-0.24865748,False,False,False,False,False,damma
31,34,19,19,ه,ه,608.2563125,608.3363125000001,608.2763125,0.08000000000004093,0.01999999999998181,-0.017071795,False,False,False,False,False,damma
31,34,20,20,ُ,ُ,608.3363125000001,608.5563125,608.3563125000001,0.2199999999999136,0.01999999999998181,-0.86162055,False,False,False,False,False,none
31,34,21,22, ,|,608.5563125,608.8163125,608.5963125000001,0.2599999999999909,0.04000000000007731,-0.006560742,False,False,False,False,False,kasra
31,34,22,23,ع,ع,608.8163125,608.8563125000001,608.8363125000001,0.04000000000007731,0.020000000000095497,-0.016207017,False,False,False,False,False,kasra
31,34,23,24,ِ,ِ,608.8563125000001,608.9763125000001,608.8763125,0.12000000000000455,0.01999999999998181,-0.0033578463,False,False,False,False,True,sukun
31,34,24,25,ل,ل,608.9763125000001,609.0363125,608.9963125,0.05999999999994543,0.01999999999998181,-0.60932684,False,False,False,False,True,sukun
31,34,25,26,ْ,ْ,609.0363125,609.1363125,609.0563125,0.10000000000002274,0.01999999999998181,-1.3774127,False,False,False,False,False,damma
31,34,26,27,م,م,609.1363125,609.1963125,609.1563125,0.05999999999994543,0.01999999999998181,-2.082459,False,False,False,False,False,damma
31,34,27,28,ُ,ُ,609.1963125,609.2963125,609.2163125000001,0.10000000000002274,0.020000000000095497,-0.0041998522,False,False,False,False,False,none
31,34,28,29, ,|,609.2963125,609.3363125000001,609.3363125000001,0.04000000000007731,0.04000000000007731,-0.0012888389,False,False,False,False,False,none
31,34,29,30,ٱ,ا,609.3363125000001,609.3763125,609.3763125,0.03999999999996362,0.03999999999996362,-0.017584838,False,False,False,False,False,none
31,34,30,31,ل,ل,609.3763125,609.5763125,609.4363125,0.1999999999999318,0.05999999999994543,-0.18592022,False,True,False,False,False,fatha
31,34,31,32,س,س,609.5763125,609.5963125000001,609.5963125000001,0.020000000000095497,0.020000000000095497,-2.7179349e-05,False,True,False,False,False,fatha
31,34,32,33,ّ,ّ,609.5963125000001,609.6763125,609.6563125,0.07999999999992724,0.05999999999994543,-0.09430775,False,False,False,False,False,fatha
31,34,33,34,َ,َ,609.6763125,609.7363125,609.6963125,0.06000000000005912,0.01999999999998181,-0.21635664,False,False,False,False,False,fatha
31,34,34,35,ا,ا,609.7363125,609.9763125000001,609.7563125,0.2400000000000091,0.01999999999998181,-5.1854695e-05,False,False,False,False,False,fatha
31,34,35,36,ع,ع,609.9763125000001,610.0563125,610.0163125,0.07999999999992724,0.03999999999996362,-0.024400653,False,False,False,False,False,fatha
31,34,36,37,َ,َ,610.0563125,610.2363125,610.0963125000001,0.18000000000006366,0.04000000000007731,-0.2600381,False,False,False,False,False,kasra
31,34,37,38,ة,ة,610.2363125,610.3163125,610.2763125,0.07999999999992724,0.03999999999996362,-0.0027441187,False,False,False,False,False,kasra
31,34,38,39,ِ,ِ,610.3163125,610.3963125,610.3363125000001,0.08000000000004093,0.020000000000095497,-0.0015830378,False,False,False,False,False,fatha
31,34,39,40, ,|,610.3963125,610.4763125000001,610.4363125,0.08000000000004093,0.03999999999996362,-0.00024941182,False,False,False,False,False,fatha
31,34,40,41,و,و,610.4763125000001,610.5363125,610.4963125,0.05999999999994543,0.01999999999998181,-6.1748506e-05,False,False,False,False,False,fatha
31,34,41,42,َ,َ,610.5363125,610.6563125,610.5763125,0.12000000000000455,0.03999999999996362,-0.122750565,False,False,False,False,False,damma
31,34,42,43,ي,ي,610.6563125,610.7363125,610.6763125,0.08000000000004093,0.01999999999998181,-0.00018249277,False,False,False,False,False,damma
31,34,43,44,ُ,ُ,610.7363125,610.8763125,610.7763125,0.13999999999998636,0.03999999999996362,-0.0016762874,False,False,False,False,False,fatha
31,34,44,45,ن,ن,610.8763125,610.9563125000001,610.9163125,0.08000000000004093,0.03999999999996362,-0.0051198537,False,False,False,False,False,fatha
31,34,45,46,َ,َ,610.9563125000001,611.2763125,610.9763125000001,0.31999999999993634,0.01999999999998181,-0.00028248611,False,True,False,False,False,kasra
31,34,46,47,ز,ز,611.2763125,611.3163125,611.2963125,0.03999999999996362,0.01999999999998181,-1.5240068,False,True,False,False,False,kasra
31,34,47,48,ّ,ّ,611.3163125,611.3563125000001,611.3363125000001,0.04000000000007731,0.020000000000095497,-0.94169515,False,False,False,False,False,kasra
31,34,48,49,ِ,ِ,611.3563125000001,611.4963125,611.3763125,0.13999999999998636,0.01999999999998181,-0.071196176,False,False,False,False,False,damma
31,34,49,50,ل,ل,611.4963125,611.5563125,611.5163125,0.05999999999994543,0.01999999999998181,-0.0040803044,False,False,False,False,False,damma
31,34,50,51,ُ,ُ,611.5563125,611.6163125,611.5763125,0.06000000000005912,0.01999999999998181,-0.12913395,False,False,False,False,False,none
31,34,51,52, ,|,611.6163125,611.6763125,611.6563125,0.05999999999994543,0.03999999999996362,-0.1990633,False,False,False,False,False,sukun
31,34,52,53,ٱ,ا,611.6763125,611.7363125,611.6963125,0.06000000000005912,0.01999999999998181,-0.48925364,False,False,False,False,True,sukun
31,34,53,54,ل,ل,611.7363125,611.7963125,611.7763125,0.05999999999994543,0.03999999999996362,-0.018995602,False,False,False,False,True,sukun
31,34,54,55,ْ,ْ,611.7963125,611.9163125,611.8163125,0.12000000000000455,0.01999999999998181,-1.2679857,False,False,False,False,False,fatha
31,34,55,56,غ,غ,611.9163125,611.9963125,611.9363125,0.08000000000004093,0.01999999999998181,-0.00030715516,False,False,False,False,False,fatha
31,34,56,57,َ,َ,611.9963125,612.1163125,612.0163125,0.12000000000000455,0.01999999999998181,-0.004594959,False,False,False,False,True,sukun
31,34,57,58,ي,ي,612.1163125,612.1963125,612.1363125,0.07999999999992724,0.01999999999998181,-0.0004235801,False,False,False,False,True,sukun
31,34,58,59,ْ,ْ,612.1963125,612.3363125000001,612.2163125000001,0.14000000000010004,0.020000000000095497,-0.6587225,False,False,False,False,False,fatha
31,34,59,60,ث,ث,612.3363125000001,612.4163125,612.3563125000001,0.07999999999992724,0.01999999999998181,-0.677955,False,False,False,False,False,fatha
31,34,60,61,َ,َ,612.4163125,612.4963125,612.4363125,0.08000000000004093,0.01999999999998181,-0.013423424,False,False,False,False,False,fatha
31,34,61,62, ,|,612.4963125,612.5963125000001,612.5363125,0.10000000000002274,0.03999999999996362,-0.0038798247,False,False,False,False,False,fatha
31,34,62,63,و,و,612.5963125000001,612.6563125,612.6163125,0.05999999999994543,0.01999999999998181,-4.3629647e-05,False,False,False,False,False,fatha
31,34,63,64,َ,َ,612.6563125,612.7763125,612.6763125,0.12000000000000455,0.01999999999998181,-0.00080362445,False,False,False,False,False,fatha
31,34,64,65,ي,ي,612.7763125,612.8163125,612.7963125,0.03999999999996362,0.01999999999998181,-0.00027938755,False,False,False,False,False,fatha
31,34,65,66,َ,َ,612.8163125,612.9963125,612.8563125000001,0.18000000000006366,0.04000000000007731,-0.08851076,False,False,False,False,True,sukun
31,34,66,67,ع,ع,612.9963125,613.0363125,613.0163125,0.03999999999996362,0.01999999999998181,-0.0071008224,False,False,False,False,True,sukun
31,34,67,68,ْ,ْ,613.0363125,613.1763125,613.0763125,0.13999999999998636,0.03999999999996362,-0.23796904,False,False,False,False,False,fatha
31,34,68,69,ل,ل,613.1763125,613.2563125,613.1963125,0.08000000000004093,0.01999999999998181,-0.0007669368,False,False,False,False,False,fatha
31,34,69,70,َ,َ,613.2563125,613.3963125,613.2963125,0.13999999999998636,0.03999999999996362,-0.26661113,False,False,False,False,False,damma
31,34,70,71,م,م,613.3963125,613.4563125000001,613.4163125,0.06000000000005912,0.01999999999998181,-3.8146245e-05,False,False,False,False,False,damma
31,34,71,72,ُ,ُ,613.4563125000001,613.5363125,613.4963125,0.07999999999992724,0.03999999999996362,-0.2820762,False,False,False,False,False,fatha
31,34,72,73, ,|,613.5363125,613.6363125,613.5963125000001,0.10000000000002274,0.06000000000005912,-0.0013329163,False,False,False,False,False,fatha
31,34,73,74,م,م,613.6363125,613.7163125000001,613.6563125,0.08000000000004093,0.01999999999998181,-8.344616e-06,False,False,False,False,False,fatha
31,34,74,75,َ,َ,613.7163125000001,613.7963125,613.7363125,0.07999999999992724,0.01999999999998181,-0.39962247,False,False,False,False,False,none
31,34,75,76,ا,ا,613.7963125,613.9363125,613.8163125,0.13999999999998636,0.01999999999998181,-0.00027390543,False,False,False,False,False,kasra
31,34,76,77, ,|,613.9363125,614.0563125,613.9563125000001,0.12000000000000455,0.020000000000095497,-0.025097586,False,False,False,False,False,kasra
31,34,77,78,ف,ف,614.0563125,614.1363125,614.0763125,0.08000000000004093,0.01999999999998181,-1.135913,False,False,False,False,False,kasra
31,34,78,79,ِ,ِ,614.1363125,614.1563125,614.1563125,0.01999999999998181,0.01999999999998181,-0.14921877,False,False,False,False,False,none
31,34,79,80,ى,ى,614.1563125,614.2763125,614.1763125,0.12000000000000455,0.01999999999998181,-8.607377,False,False,False,False,False,none
31,34,80,81, ,|,614.2763125,614.3363125000001,614.3163125,0.06000000000005912,0.03999999999996362,-0.3260408,False,False,False,False,False,sukun
31,34,81,82,ٱ,ا,614.3363125000001,614.3763125,614.3563125000001,0.03999999999996362,0.01999999999998181,-5.0448318,False,False,False,False,True,sukun
31,34,82,83,ل,ل,614.3763125,614.3963125,614.3963125,0.01999999999998181,0.01999999999998181,-0.2708741,False,False,False,False,True,sukun
31,34,83,84,ْ,ْ,614.3963125,614.4763125000001,614.4163125,0.08000000000004093,0.01999999999998181,-8.24418,False,False,False,False,False,fatha
31,34,84,85,أ,أ,614.4763125000001,614.5363125,614.4963125,0.05999999999994543,0.01999999999998181,-3.802704e-05,False,False,False,False,False,fatha
31,34,85,86,َ,َ,614.5363125,614.6963125,614.5563125,0.15999999999996817,0.01999999999998181,-0.0016638496,False,False,False,False,True,sukun
31,34,86,87,ر,ر,614.6963125,614.7563125,614.7163125000001,0.06000000000005912,0.020000000000095497,-6.0132756,False,False,False,False,True,sukun
31,34,87,88,ْ,ْ,614.7563125,614.8963125,614.7763125,0.13999999999998636,0.01999999999998181,-2.038057,False,False,False,False,False,fatha
31,34,88,89,ح,ح,614.8963125,614.9763125000001,614.9163125,0.08000000000004093,0.01999999999998181,-0.0019353961,False,False,False,False,False,fatha
31,34,89,90,َ,َ,614.9763125000001,615.0563125,614.9963125,0.07999999999992724,0.01999999999998181,-1.5423225,False,False,False,False,False,kasra
31,34,90,91,ا,ا,615.0563125,615.4763125000001,615.0763125,0.42000000000007276,0.01999999999998181,-4.249837,False,False,False,False,False,kasra
31,34,91,92,م,م,615.4763125000001,616.3763125,615.4963125,0.8999999999999773,0.01999999999998181,-10.027578,False,False,False,False,False,kasra
31,34,92,93,ِ,ِ,616.3763125,616.3963125,616.3963125,0.01999999999998181,0.01999999999998181,-14.550251,False,False,False,False,False,none
31,34,93,94, ,|,616.3963125,616.5163125,616.4363125,0.12000000000000455,0.03999999999996362,-0.0619874,False,False,False,False,False,none
31,34,94,97,و,و,616.5163125,616.5563125,616.5363125,0.03999999999996362,0.01999999999998181,-0.01195398,False,False,False,False,False,fatha
31,34,95,98,َ,َ,616.5563125,616.7163125000001,616.5963125000001,0.16000000000008185,0.04000000000007731,-0.043246955,False,False,False,False,False,fatha
31,34,96,99,م,م,616.7163125000001,616.7963125,616.7363125,0.07999999999992724,0.01999999999998181,-1.0490363e-05,False,False,False,False,False,fatha
31,34,97,100,َ,َ,616.7963125,616.8763125,616.8163125,0.08000000000004093,0.01999999999998181,-0.596841,False,False,False,False,False,none
31,34,98,101,ا,ا,616.8763125,617.0163125,616.8963125,0.13999999999998636,0.01999999999998181,-2.6940936e-05,False,False,False,False,False,fatha
31,34,99,102, ,|,617.0163125,617.1563125,617.0563125,0.13999999999998636,0.03999999999996362,-0.0094775185,False,False,False,False,False,fatha
31,34,100,103,ت,ت,617.1563125,617.2363125,617.1763125,0.08000000000004093,0.01999999999998181,-0.0010411086,False,False,False,False,False,fatha
31,34,101,104,َ,َ,617.2363125,617.3763125,617.2563125,0.13999999999998636,0.01999999999998181,-0.005167936,False,False,False,False,True,sukun
31,34,102,105,د,د,617.3763125,617.4363125,617.3963125,0.05999999999994543,0.01999999999998181,-2.1690505,False,False,False,False,True,sukun
31,34,103,106,ْ,ْ,617.4363125,617.5763125,617.4563125000001,0.13999999999998636,0.020000000000095497,-9.450863,False,False,False,False,False,kasra
31,34,104,107,ر,ر,617.5763125,617.6163125,617.5963125000001,0.04000000000007731,0.020000000000095497,-8.070143e-05,False,False,False,False,False,kasra
31,34,105,108,ِ,ِ,617.6163125,617.7163125000001,617.6363125,0.10000000000002274,0.01999999999998181,-0.3921117,False,False,False,False,False,none
31,34,106,109,ى,ى,617.7163125000001,617.8763125,617.7363125,0.15999999999996817,0.01999999999998181,-15.313902,False,False,False,False,False,fatha
31,34,107,110, ,|,617.8763125,617.9363125,617.8963125,0.05999999999994543,0.01999999999998181,-0.06838216,False,False,False,False,False,fatha
31,34,108,111,ن,ن,617.9363125,618.0163125,617.9563125000001,0.08000000000004093,0.020000000000095497,-0.000108712964,False,False,False,False,False,fatha
31,34,109,112,َ,َ,618.0163125,618.1563125,618.0363125,0.13999999999998636,0.01999999999998181,-0.003339787,False,False,False,False,True,sukun
31,34,110,113,ف,ف,618.1563125,618.2363125,618.1963125,0.08000000000004093,0.03999999999996362,-0.021825463,False,False,False,False,True,sukun
31,34,111,114,ْ,ْ,618.2363125,618.3963125,618.2563125,0.15999999999996817,0.01999999999998181,-1.990695,False,False,False,False,False,tanween
31,34,112,115,س,س,618.3963125,618.4963125,618.4163125,0.10000000000002274,0.01999999999998181,-0.00027724236,False,False,False,False,False,tanween
31,34,113,116,ٌ,ٌ,618.4963125,619.1363125,618.5163125,0.6399999999999864,0.01999999999998181,-0.09085378,False,False,False,False,False,none
31,34,114,118, ,|,619.1363125,619.2763125,619.1563125,0.13999999999998636,0.01999999999998181,-4.6966743,False,True,False,False,False,fatha
31,34,115,119,م,م,619.2763125,619.3163125,619.2963125,0.03999999999996362,0.01999999999998181,-0.00010775939,False,True,False,False,False,fatha
31,34,116,120,ّ,ّ,619.3163125,619.3563125000001,619.3363125000001,0.04000000000007731,0.020000000000095497,-0.11373743,False,False,False,False,False,fatha
31,34,117,121,َ,َ,619.3563125000001,619.4363125,619.3763125,0.07999999999992724,0.01999999999998181,-0.14003721,False,False,False,False,False,fatha
31,34,118,122,ا,ا,619.4363125,619.7163125000001,619.4563125000001,0.2800000000000864,0.020000000000095497,-0.053989206,False,False,False,False,False,fatha
31,34,119,123,ذ,ذ,619.7163125000001,619.7763125,619.7363125,0.05999999999994543,0.01999999999998181,-0.0010439666,False,False,False,False,False,fatha
31,34,120,124,َ,َ,619.7763125,619.8363125000001,619.7963125,0.06000000000005912,0.01999999999998181,-9.273534,False,False,False,False,False,none
31,34,121,125,ا,ا,619.8363125000001,619.9963125,619.8563125000001,0.15999999999996817,0.01999999999998181,-0.00040677856,False,False,False,False,False,fatha
31,34,122,126, ,|,619.9963125,620.1363125,620.0363125,0.13999999999998636,0.03999999999996362,-0.22023459,False,False,False,False,False,fatha
31,34,123,127,ت,ت,620.1363125,620.1963125,620.1563125,0.05999999999994543,0.01999999999998181,-0.02977437,False,False,False,False,False,fatha
31,34,124,128,َ,َ,620.1963125,620.4163125,620.2163125000001,0.22000000000002728,0.020000000000095497,-0.00029654874,False,False,False,False,True,sukun
31,34,125,129,ك,ك,620.4163125,620.4563125000001,620.4363125,0.04000000000007731,0.01999999999998181,-0.00014876213,False,False,False,False,True,sukun
31,34,126,130,ْ,ْ,620.4563125000001,620.5763125,620.4763125000001,0.11999999999989086,0.01999999999998181,-0.13761167,False,False,False,False,False,kasra
31,34,127,131,س,س,620.5763125,620.6563125,620.5963125000001,0.08000000000004093,0.020000000000095497,-2.193427e-05,False,False,False,False,False,kasra
31,34,128,132,ِ,ِ,620.6563125,620.7763125,620.6763125,0.12000000000000455,0.01999999999998181,-0.0014377029,False,False,False,False,False,damma
31,34,129,133,ب,ب,620.7763125,620.8563125000001,620.7963125,0.08000000000004093,0.01999999999998181,-9.323672,False,False,False,False,False,damma
31,34,130,134,ُ,ُ,620.8563125000001,620.9163125,620.8763125,0.05999999999994543,0.01999999999998181,-1.6990824,False,False,False,False,False,fatha
31,34,131,135, ,|,620.9163125,621.0363125,620.9763125000001,0.12000000000000455,0.06000000000005912,-0.08129802,False,False,False,False,False,fatha
31,34,132,136,غ,غ,621.0363125,621.1163125,621.0563125,0.08000000000004093,0.01999999999998181,-0.00013219437,False,False,False,False,False,fatha
31,34,133,137,َ,َ,621.1163125,621.2763125,621.1363125,0.15999999999996817,0.01999999999998181,-0.021464547,False,False,False,False,False,tanween
31,34,134,138,د,د,621.2763125,621.3363125000001,621.2963125,0.06000000000005912,0.01999999999998181,-0.00041666886,False,False,False,False,False,tanween
31,34,135,139,ً,ً,621.3363125000001,621.3763125,621.3563125000001,0.03999999999996362,0.01999999999998181,-0.7520077,False,False,False,False,False,none
31,34,136,141,ا,ا,621.3763125,622.3363125000001,621.4163125,0.9600000000000364,0.03999999999996362,-0.35054824,False,False,False,False,False,none
31,34,137,142, ,|,622.3363125000001,622.4563125000001,622.3963125,0.12000000000000455,0.05999999999994543,-0.2006141,False,False,False,False,False,none
31,34,138,145,و,و,622.4563125000001,622.4963125,622.4763125000001,0.03999999999996362,0.01999999999998181,-6.484775e-05,False,False,False,False,False,fatha
31,34,139,146,َ,َ,622.4963125,622.6763125,622.5363125,0.17999999999994998,0.03999999999996362,-0.30967337,False,False,False,False,False,fatha
31,34,140,147,م,م,622.6763125,622.7563125,622.6963125,0.08000000000004093,0.01999999999998181,-9.536698e-06,False,False,False,False,False,fatha
31,34,141,148,َ,َ,622.7563125,622.8163125,622.7763125,0.05999999999994543,0.01999999999998181,-0.56924766,False,False,False,False,False,none
31,34,142,149,ا,ا,622.8163125,622.9763125000001,622.8563125000001,0.16000000000008185,0.04000000000007731,-0.05708734,False,False,False,False,False,fatha
31,34,143,150, ,|,622.9763125000001,623.1163125,623.0163125,0.13999999999998636,0.03999999999996362,-0.02976516,False,False,False,False,False,fatha
31,34,144,151,ت,ت,623.1163125,623.1963125,623.1363125,0.07999999999992724,0.01999999999998181,-0.00084424135,False,False,False,False,False,fatha
31,34,145,152,َ,َ,623.1963125,623.3363125000001,623.2163125000001,0.14000000000010004,0.020000000000095497,-0.0050046174,False,False,False,False,True,sukun
31,34,146,153,د,د,623.3363125000001,623.3963125,623.3563125000001,0.05999999999994543,0.01999999999998181,-1.7732106,False,False,False,False,True,sukun
31,34,147,154,ْ,ْ,623.3963125,623.5363125,623.4163125,0.13999999999998636,0.01999999999998181,-8.952275,False,False,False,False,False,kasra
31,34,148,155,ر,ر,623.5363125,623.5763125,623.5563125,0.03999999999996362,0.01999999999998181,-6.794699e-05,False,False,False,False,False,kasra
31,34,149,156,ِ,ِ,623.5763125,623.6763125,623.6163125,0.10000000000002274,0.04000000000007731,-0.21165451,False,False,False,False,False,none
31,34,150,157,ى,ى,623.6763125,623.8363125000001,623.6963125,0.16000000000008185,0.01999999999998181,-14.4956,False,False,False,False,False,fatha
31,34,151,158, ,|,623.8363125000001,623.9163125,623.8763125,0.07999999999992724,0.03999999999996362,-0.0024580047,False,False,False,False,False,fatha
31,34,152,159,ن,ن,623.9163125,623.9763125000001,623.9363125,0.06000000000005912,0.01999999999998181,-5.769563e-05,False,False,False,False,False,fatha
31,34,153,160,َ,َ,623.9763125000001,624.1563125,624.0163125,0.17999999999994998,0.03999999999996362,-0.091888085,False,False,False,False,True,sukun
31,34,154,161,ف,ف,624.1563125,624.1963125,624.1763125,0.03999999999996362,0.01999999999998181,-0.4656909,False,False,False,False,True,sukun
31,34,155,162,ْ,ْ,624.1963125,624.3363125000001,624.2163125000001,0.14000000000010004,0.020000000000095497,-0.4101978,False,False,False,False,False,tanween
31,34,156,163,س,س,624.3363125000001,624.4363125,624.3563125000001,0.09999999999990905,0.01999999999998181,-9.250213e-05,False,False,False,False,False,tanween
31,34,157,164,ٌ,ٌ,624.4363125,625.2563125,624.4563125000001,0.82000000000005,0.020000000000095497,-2.0098271,False,False,False,False,False,none
31,34,158,166, ,|,625.2563125,625.3563125000001,625.2963125,0.10000000000002274,0.03999999999996362,-0.012483329,False,False,False,False,False,kasra
31,34,159,167,ب,ب,625.3563125000001,625.4163125,625.3763125,0.05999999999994543,0.01999999999998181,-5.3881147e-05,False,False,False,False,False,kasra
31,34,160,168,ِ,ِ,625.4163125,625.5763125,625.4363125,0.15999999999996817,0.01999999999998181,-0.0011126763,False,False,False,False,False,fatha
31,34,161,169,أ,أ,625.5763125,625.6163125,625.5963125000001,0.04000000000007731,0.020000000000095497,-0.0002591274,False,False,False,False,False,fatha
31,34,162,170,َ,َ,625.6163125,625.8363125000001,625.6563125,0.22000000000002728,0.03999999999996362,-0.2687104,False,True,False,False,False,kasra
31,34,163,171,ى,ى,625.8363125000001,626.0363125,625.8563125000001,0.1999999999999318,0.01999999999998181,-11.442402,False,True,False,False,False,kasra
31,34,164,172,ّ,ّ,626.0363125,626.0563125,626.0563125,0.01999999999998181,0.01999999999998181,-7.932694,False,False,False,False,False,kasra
31,34,165,173,ِ,ِ,626.0563125,626.1163125,626.0763125,0.06000000000005912,0.01999999999998181,-5.6567297,False,False,False,False,False,fatha
31,34,166,174, ,|,626.1163125,626.1963125,626.1563125,0.07999999999992724,0.03999999999996362,-0.0119725885,False,False,False,False,False,fatha
31,34,167,175,أ,أ,626.1963125,626.2563125,626.2163125000001,0.06000000000005912,0.020000000000095497,-0.000107282605,False,False,False,False,False,fatha
31,34,168,176,َ,َ,626.2563125,626.3963125,626.2763125,0.13999999999998636,0.01999999999998181,-0.0013359202,False,False,False,False,True,sukun
31,34,169,177,ر,ر,626.3963125,626.4563125000001,626.4163125,0.06000000000005912,0.01999999999998181,-3.8928978,False,False,False,False,True,sukun
31,34,170,178,ْ,ْ,626.4563125000001,626.6363125,626.4763125000001,0.17999999999994998,0.01999999999998181,-3.2129996,False,False,False,False,False,tanween
31,34,171,179,ض,ض,626.6363125,626.7163125000001,626.6563125,0.08000000000004093,0.01999999999998181,-0.000751094,True,False,False,False,False,tanween
31,34,172,180,ٍ,ٍ,626.7163125000001,627.4763125000001,626.7363125,0.7599999999999909,0.01999999999998181,-0.03933415,False,False,False,False,False,none
31,34,173,182, ,|,627.4763125000001,627.6363125,627.5163125,0.15999999999996817,0.03999999999996362,-0.3770296,False,False,False,False,False,fatha
31,34,174,183,ت,ت,627.6363125,627.6963125,627.6563125,0.05999999999994543,0.01999999999998181,-0.095342495,False,False,False,False,False,fatha
31,34,175,184,َ,َ,627.6963125,627.9763125000001,627.7163125000001,0.2800000000000864,0.020000000000095497,-0.11955551,False,False,False,False,False,damma
31,34,176,185,م,م,627.9763125000001,627.9963125,627.9963125,0.01999999999998181,0.01999999999998181,-8.285462,False,False,False,False,False,damma
31,34,177,186,ُ,ُ,627.9963125,628.0163125,628.0163125,0.01999999999998181,0.01999999999998181,-10.221105,False,False,False,False,False,damma
31,34,178,187,و,و,628.0163125,628.5163125,628.0363125,0.5,0.01999999999998181,-0.31927642,False,False,False,False,False,damma
31,34,179,188,ت,ت,628.5163125,628.5763125,628.5363125,0.05999999999994543,0.01999999999998181,-0.0017917784,False,False,False,False,False,damma
31,34,180,189,ُ,ُ,628.5763125,629.1963125,628.5963125000001,0.6200000000000045,0.020000000000095497,-5.3824143,False,False,False,False,False,none
31,34,181,190, ,|,629.1963125,629.3363125000001,629.2763125,0.14000000000010004,0.08000000000004093,-0.020722609,False,False,False,False,False,none
31,34,182,193,إ,إ,629.3363125000001,629.3963125,629.3763125,0.05999999999994543,0.03999999999996362,-0.084521,False,False,False,False,False,kasra
31,34,183,194,ِ,ِ,629.3963125,630.0763125000001,629.4363125,0.6800000000000637,0.03999999999996362,-0.00642334,False,True,False,False,False,fatha
31,34,184,195,ن,ن,630.0763125000001,630.1163125,630.0963125000001,0.03999999999996362,0.01999999999998181,-2.5391257e-05,False,True,False,False,False,fatha
31,34,185,196,ّ,ّ,630.1163125,630.1563125,630.1363125,0.03999999999996362,0.01999999999998181,-0.03471037,False,False,False,False,False,fatha
31,34,186,197,َ,َ,630.1563125,630.1963125,630.1763125,0.03999999999996362,0.01999999999998181,-0.0013543728,False,False,False,False,False,none
31,34,187,198, ,|,630.1963125,630.2563125,630.2563125,0.06000000000005912,0.06000000000005912,-0.035782,False,False,False,False,False,none
31,34,188,199,ٱ,ا,630.2563125,630.2963125,630.2963125,0.03999999999996362,0.03999999999996362,-0.0025058854,False,False,False,False,False,none
31,34,189,200,ل,ل,630.2963125,630.5563125,630.3763125,0.2599999999999909,0.08000000000004093,-0.02792188,False,True,False,False,False,fatha
31,34,190,201,ل,ل,630.5563125,630.5963125000001,630.5763125000001,0.04000000000007731,0.020000000000095497,-0.0005610799,False,True,False,False,False,fatha
31,34,191,202,ّ,ّ,630.5963125000001,630.6363125,630.6163125,0.03999999999996362,0.01999999999998181,-0.30708012,False,False,False,False,False,fatha
31,34,192,203,َ,َ,630.6363125,630.9163125,630.6563125,0.2799999999999727,0.01999999999998181,-0.33268186,False,False,False,False,False,fatha
31,34,193,204,ه,ه,630.9163125,630.9763125000001,630.9363125,0.06000000000005912,0.01999999999998181,-1.20400655e-05,False,False,False,False,False,fatha
31,34,194,205,َ,َ,630.9763125000001,631.0563125,630.9963125,0.07999999999992724,0.01999999999998181,-0.016569622,False,False,False,False,False,fatha
31,34,195,206, ,|,631.0563125,631.1963125,631.1163125,0.13999999999998636,0.06000000000005912,-0.032058854,False,False,False,False,False,fatha
31,34,196,207,ع,ع,631.1963125,631.2563125,631.2163125000001,0.06000000000005912,0.020000000000095497,-0.0015066236,False,False,False,False,False,fatha
31,34,197,208,َ,َ,631.2563125,631.3763125,631.2763125,0.12000000000000455,0.01999999999998181,-0.00017236178,False,False,False,False,False,kasra
31,34,198,209,ل,ل,631.3763125,631.4363125,631.3963125,0.05999999999994543,0.01999999999998181,-1.8477269e-05,False,False,False,False,False,kasra
31,34,199,210,ِ,ِ,631.4363125,631.5163125,631.4563125000001,0.08000000000004093,0.020000000000095497,-0.060148567,False,False,False,False,False,tanween
31,34,200,211,ي,ي,631.5163125,631.7563125,631.5363125,0.2400000000000091,0.01999999999998181,-7.9390236e-05,False,False,False,False,False,tanween
31,34,201,212,م,م,631.7563125,631.8363125000001,631.7763125,0.08000000000004093,0.01999999999998181,-5.4238757e-05,False,False,False,False,False,tanween
31,34,202,213,ٌ,ٌ,631.8363125000001,632.0363125,631.8563125000001,0.1999999999999318,0.01999999999998181,-0.0013304439,False,False,False,False,False,fatha
31,34,203,214, ,|,632.0363125,632.1763125,632.0763125000001,0.13999999999998636,0.04000000000007731,-0.0042686434,False,False,False,False,False,fatha
31,34,204,215,خ,خ,632.1763125,632.2563125,632.2163125000001,0.08000000000004093,0.04000000000007731,-0.049338065,False,False,False,False,False,fatha
31,34,205,216,َ,َ,632.2563125,632.4163125,632.2763125,0.15999999999996817,0.01999999999998181,-0.00010203794,False,False,False,False,False,kasra
31,34,206,217,ب,ب,632.4163125,632.4763125000001,632.4363125,0.06000000000005912,0.01999999999998181,-2.044134,False,False,False,False,False,kasra
31,34,207,218,ِ,ِ,632.4763125000001,632.5763125000001,632.5163125,0.10000000000002274,0.03999999999996362,-0.33108243,False,False,False,False,False,tanween
31,34,208,219,ي,ي,632.5763125000001,632.8763125,632.5963125000001,0.2999999999999545,0.01999999999998181,-8.7614986e-05,False,False,False,False,False,tanween
31,34,209,220,ر,ر,632.8763125,632.9363125,632.8963125,0.05999999999994543,0.01999999999998181,-1.5887735,False,False,False,False,False,tanween
31,34,210,221,ٌ,ٌ,632.9363125,633.0600000000001,632.9563125000001,0.12368750000007367,0.020000000000095497,-0.31696594,False,False,False,False,False,none
